#     BLOCK:   ACTUAL_KE:    KE_AVE:      ERROR:
           1     1.89458     1.89458           0
           2     1.89284     1.89371 0.000615562
           3     1.86127     1.88289   0.0088378
           4     1.86563     1.87858     0.00761
           5     1.80803     1.86447   0.0140121
           6      1.8506     1.86216   0.0118659
           7     1.88567     1.86551   0.0106358
           8     1.90564     1.87053    0.010422
           9     1.87258     1.87076  0.00926653
          10     1.84909     1.86859  0.00858939
          11     1.87409     1.86909  0.00782305
          12     1.90755      1.8723      0.0078
          13     1.89801     1.87427  0.00744662
          14     1.86325     1.87349  0.00695622
          15     1.90667      1.8757  0.00683515
          16     1.89578     1.87695  0.00652218
          17     1.87326     1.87674  0.00614214
          18     1.82112     1.87365    0.006532
          19     1.86952     1.87343  0.00619183
          20     1.85409     1.87246  0.00595728
          21     1.86438     1.87208  0.00568602
          22     1.90185     1.87343  0.00558624
          23     1.88726     1.87403  0.00537561
          24     1.84868     1.87298  0.00525443
          25     1.82895     1.87122  0.00533115
          26     1.82668      1.8695  0.00539428
          27     1.80782     1.86722  0.00565757
          28       1.822      1.8656  0.00568135
          29     1.81801     1.86396  0.00571757
          30     1.80685     1.86206   0.0058353
          31     1.85739     1.86191  0.00564901
          32      1.8525     1.86161  0.00548012
          33     1.80746     1.85997  0.00555433
          34     1.81975     1.85879  0.00551551
          35     1.80361     1.85721  0.00557866
          36     1.80123     1.85566   0.0056363
          37     1.79763     1.85409  0.00569802
          38     1.82522     1.85333  0.00559848
          39     1.84556     1.85313  0.00545847
          40     1.85786     1.85325  0.00532329
          41     1.88263     1.85397  0.00524146
          42     1.92049     1.85555  0.00535066
          43     1.87598     1.85602  0.00524727
          44     1.91916     1.85746  0.00532057
          45      1.9528     1.85958   0.0056083
          46     1.90784     1.86063  0.00558367
          47     1.86367     1.86069  0.00546524
          48     1.78609     1.85914  0.00556799
          49     1.80083     1.85795  0.00558005
          50     1.81385     1.85707   0.0055377
          51     1.80257       1.856  0.00553127
          52     1.77018     1.85435  0.00566575
          53     1.79692     1.85326  0.00566149
          54     1.82185     1.85268  0.00558646
          55     1.86842     1.85297  0.00549221
          56     1.91265     1.85403  0.00549656
          57     1.91988     1.85519  0.00552018
          58      1.8931     1.85584  0.00546356
          59     1.87766     1.85621  0.00538345
          60     1.85826     1.85625  0.00529384
          61      1.9232     1.85734  0.00531964
          62      1.9067     1.85814  0.00529306
          63     1.89762     1.85877  0.00524601
          64     1.90309     1.85946  0.00520956
          65     1.88433     1.85984  0.00514344
          66     1.88304     1.86019   0.0050775
          67     1.90859     1.86092  0.00505285
          68     1.88679      1.8613  0.00499285
          69      1.8575     1.86124  0.00492079
          70     1.83515     1.86087  0.00486458
          71     1.86926     1.86099  0.00479751
          72      1.8684     1.86109  0.00473198
          73     1.91186     1.86178  0.00471799
          74     1.90446     1.86236  0.00468934
          75     1.94568     1.86347  0.00475657
          76     1.88506     1.86376  0.00470246
          77     1.88248       1.864  0.00464767
          78     1.91055      1.8646  0.00462624
          79     1.87131     1.86468  0.00456846
          80     1.83697     1.86433  0.00452447
          81     1.86814     1.86438  0.00446885
          82     1.84909      1.8642  0.00441825
          83     1.89277     1.86454   0.0043784
          84      1.8475     1.86434  0.00433098
          85     1.83253     1.86396  0.00429616
          86      1.8596     1.86391   0.0042465
          87     1.85593     1.86382  0.00419868
          88     1.90752     1.86432  0.00418023
          89     1.94051     1.86517  0.00422002
          90     1.86333     1.86515  0.00417318
          91     1.88384     1.86536  0.00413238
          92     1.89722      1.8657  0.00410195
          93     1.90538     1.86613  0.00407997
          94     1.90762     1.86657  0.00406037
          95     1.87787     1.86669  0.00401937
          96     1.86609     1.86668   0.0039775
          97      1.8954     1.86698   0.0039475
          98     1.89339     1.86725  0.00391641
          99     1.85026     1.86708  0.00388061
         100     1.87253     1.86713  0.00384218
         101     1.84928     1.86696  0.00380821
         102     1.80266     1.86633  0.00382268
         103     1.81007     1.86578  0.00382438
         104     1.80939     1.86524  0.00382585
         105     1.85206     1.86511  0.00379148
         106     1.81369     1.86463  0.00378661
         107     1.81862      1.8642  0.00377555
         108     1.80559     1.86365  0.00377939
         109     1.80451     1.86311  0.00378346
         110     1.77179     1.86228  0.00383907
         111     1.79377     1.86166  0.00385378
         112     1.81161     1.86122   0.0038452
         113     1.83789     1.86101   0.0038167
         114     1.85612     1.86097  0.00378346
         115     1.85281      1.8609  0.00375123
         116     1.88639     1.86112  0.00372533
         117     1.84199     1.86095  0.00369707
         118     1.85415      1.8609  0.00366619
         119     1.84425     1.86076  0.00363805
         120     1.80881     1.86032   0.0036334
         121     1.86554     1.86037  0.00360362
         122     1.84681     1.86026   0.0035758
         123     1.80783     1.85983  0.00357204
         124     1.87397     1.85994  0.00354505
         125     1.88223     1.86012  0.00352117
         126     1.84468        1.86  0.00349536
         127     1.87589     1.86012  0.00347007
         128     1.87384     1.86023  0.00344462
         129     1.83475     1.86003  0.00342357
         130     1.83243     1.85982  0.00340382
         131     1.88687     1.86003  0.00338409
         132     1.89823     1.86032   0.0033708
         133     1.86448     1.86035  0.00334561
         134     1.88757     1.86055   0.0033268
         135     1.83701     1.86038  0.00330672
         136      1.8615     1.86039  0.00328242
         137     1.91363     1.86077  0.00328139
         138     1.85471     1.86073  0.00325791
         139     1.82349     1.86046  0.00324546
         140     1.82552     1.86021  0.00323187
         141     1.87121     1.86029  0.00320989
         142     1.87669     1.86041  0.00318936
         143     1.82626     1.86017  0.00317598
         144      1.8458     1.86007   0.0031555
         145     1.83629      1.8599  0.00313799
         146     1.81138     1.85957  0.00313405
         147     1.79987     1.85917  0.00313894
         148     1.76589     1.85853  0.00318037
         149     1.77066     1.85795  0.00321324
         150     1.80321     1.85758  0.00321247
         151     1.87839     1.85772  0.00319416
         152     1.83904      1.8576   0.0031755
         153      1.8473     1.85753  0.00315546
         154     1.84881     1.85747  0.00313548
         155     1.89217      1.8577  0.00312323
         156     1.91018     1.85803  0.00312128
         157     1.86254     1.85806  0.00310153
         158     1.86154     1.85808  0.00308197
         159      1.8525     1.85805  0.00306279
         160      1.8313     1.85788  0.00304821
         161     1.81341      1.8576  0.00304176
         162     1.84722     1.85754  0.00302366
         163     1.86759      1.8576  0.00300574
         164     1.86137     1.85762   0.0029875
         165     1.82311     1.85742  0.00297671
         166     1.81683     1.85717   0.0029688
         167     1.80932     1.85688  0.00296482
         168      1.8333     1.85674  0.00295049
         169     1.83031     1.85659  0.00293717
         170     1.84974     1.85655  0.00292017
         171     1.87155     1.85663  0.00290441
         172     1.82451     1.85645  0.00289353
         173     1.87145     1.85653   0.0028781
         174     1.88015     1.85667  0.00286476
         175     1.84995     1.85663  0.00284864
         176     1.84092     1.85654  0.00283386
         177     1.80495     1.85625   0.0028328
         178     1.81749     1.85603  0.00282524
         179     1.81475      1.8558  0.00281885
         180     1.88066     1.85594  0.00280657
         181     1.89627     1.85616   0.0027999
         182     1.90484     1.85643  0.00279726
         183     1.86644     1.85649  0.00278251
         184     1.85005     1.85645   0.0027676
         185     1.83715     1.85635  0.00275461
         186     1.81598     1.85613  0.00274834
         187      1.7953      1.8558  0.00275282
         188     1.83677      1.8557  0.00274004
         189     1.79756      1.8554  0.00274276
         190     1.79648     1.85509  0.00274579
         191     1.86968     1.85516  0.00273248
         192     1.85804     1.85518  0.00271829
         193     1.86679     1.85524  0.00270487
         194     1.81226     1.85502  0.00269998
         195     1.81811     1.85483  0.00269276
         196     1.86173     1.85486  0.00267925
         197     1.86308      1.8549  0.00266598
         198     1.88664     1.85506  0.00265733
         199      1.8479     1.85503  0.00264422
         200      1.8629     1.85507  0.00263129
         201     1.85485     1.85507   0.0026182
         202      1.8708     1.85514  0.00260639
         203     1.87736     1.85525  0.00259585
         204     1.90499      1.8555  0.00259455
         205     2.00107     1.85621  0.00267731
         206     2.00592     1.85693  0.00276119
         207     1.93663     1.85732  0.00277457
         208     1.90847     1.85756  0.00277211
         209     1.90066     1.85777   0.0027665
         210     1.89638     1.85795  0.00275943
         211     1.88754     1.85809  0.00274991
         212     1.90062      1.8583  0.00274425
         213     1.86727     1.85834  0.00273168
         214     1.86219     1.85836  0.00271898
         215     1.87208     1.85842  0.00270708
         216     1.87475      1.8585   0.0026956
         217     1.78811     1.85817  0.00270263
         218     1.78054     1.85781  0.00271359
         219     1.80356     1.85757  0.00271248
         220     1.85337     1.85755  0.00270022
         221     1.89896     1.85774   0.0026945
         222     1.89519      1.8579  0.00268763
         223     1.84703     1.85786  0.00267603
         224     1.80541     1.85762   0.0026743
         225     1.83687     1.85753  0.00266401
         226      1.8244     1.85738  0.00265625
         227     1.83549     1.85729   0.0026463
         228     1.87687     1.85737  0.00263608
         229      1.8644      1.8574  0.00262475
         230     1.88196     1.85751  0.00261551
         231     1.84805     1.85747  0.00260451
         232     1.83347     1.85736  0.00259533
         233     1.91208      1.8576   0.0025948
         234     1.89002     1.85774   0.0025874
         235     1.91705     1.85799  0.00258868
         236     1.97484     1.85849  0.00262463
         237     1.96921     1.85895  0.00265481
         238     1.92853     1.85925  0.00265971
         239     1.92038      1.8595  0.00266085
         240     1.84895     1.85946  0.00265013
         241     1.80911     1.85925  0.00264735
         242     1.84411     1.85919  0.00263715
         243     1.87639     1.85926  0.00262725
         244     1.89685     1.85941  0.00262099
         245     1.86785     1.85944  0.00261052
         246     1.85985     1.85945  0.00259991
         247     1.87079     1.85949  0.00258979
         248     1.87179     1.85954  0.00257982
         249     1.89858      1.8597  0.00257422
         250     1.86778     1.85973  0.00256412
         251     1.87666      1.8598   0.0025548
         252     1.88986     1.85992  0.00254744
         253     1.87057     1.85996  0.00253772
         254     1.85268     1.85993  0.00252789
         255     1.83893     1.85985  0.00251932
         256     1.84914     1.85981  0.00250983
         257     1.89695     1.85995  0.00250422
         258     1.87224        1.86  0.00249496
         259     1.83315      1.8599  0.00248748
         260     1.86244     1.85991  0.00247793
         261     1.88786     1.86001  0.00247075
         262     1.88517     1.86011  0.00246319
         263     1.88336      1.8602  0.00245541
         264     1.92236     1.86043  0.00245737
         265     1.93003      1.8607   0.0024621
         266     1.85075     1.86066  0.00245312
         267     1.82628     1.86053  0.00244731
         268     1.80988     1.86034  0.00244547
         269     1.86589     1.86036  0.00243646
         270     1.88002     1.86043  0.00242853
         271     1.83889     1.86035  0.00242087
         272     1.88535     1.86045  0.00241371
         273     1.89415     1.86057  0.00240802
         274      1.8472     1.86052  0.00239973
         275     1.90194     1.86067  0.00239572
         276     1.91086     1.86085  0.00239394
         277     1.89935     1.86099  0.00238932
         278     1.93375     1.86125  0.00239502
         279     1.95406     1.86159  0.00240942
         280     1.94539     1.86189  0.00241934
         281     1.94926      1.8622  0.00243063
         282     2.00372      1.8627  0.00247327
         283     1.92744     1.86293  0.00247509
         284     1.93689     1.86319  0.00248004
         285     1.90253     1.86333  0.00247518
         286     1.88284     1.86339  0.00246747
         287     1.89732     1.86351   0.0024617
         288       1.911     1.86368  0.00245867
         289     1.92692      1.8639  0.00245988
         290     1.91513     1.86407  0.00245773
         291     1.85986     1.86406  0.00244933
         292     1.83423     1.86396  0.00244307
         293     1.88555     1.86403  0.00243585
         294     1.88168     1.86409   0.0024283
         295     1.88811     1.86417  0.00242143
         296     1.88547     1.86424  0.00241432
         297     1.89993     1.86436  0.00240918
         298      1.8297     1.86425   0.0024039
         299     1.80638     1.86405  0.00240364
         300      1.8297     1.86394  0.00239836
         301     1.89523     1.86404  0.00239264
         302     1.87956     1.86409  0.00238527
         303     1.82247     1.86396  0.00238135
         304     1.84314     1.86389   0.0023745
         305     1.89751       1.864  0.00236927
         306     1.85853     1.86398   0.0023616
         307     1.89422     1.86408  0.00235596
         308     1.91638     1.86425  0.00235442
         309     1.92038     1.86443   0.0023538
         310     1.82399      1.8643  0.00234982
         311      1.8089     1.86412    0.002349
         312     1.85498     1.86409  0.00234166
         313     1.86513      1.8641  0.00233418
         314     1.87035     1.86412  0.00232683
         315     1.89478     1.86421  0.00232148
         316     1.89466     1.86431  0.00231613
         317     1.87147     1.86433  0.00230893
         318     1.87716     1.86437  0.00230202
         319     1.87451      1.8644  0.00229503
         320     1.81833     1.86426  0.00229237
         321     1.81727     1.86411   0.0022899
         322     1.85664     1.86409   0.0022829
         323     1.83692     1.86401  0.00227738
         324     1.86882     1.86402   0.0022704
         325     1.89437     1.86411  0.00226534
         326     1.89117      1.8642  0.00225991
         327     1.84244     1.86413  0.00225398
         328     1.84583     1.86408  0.00224779
         329     1.85525     1.86405  0.00224112
         330      1.8548     1.86402  0.00223451
         331     1.89658     1.86412  0.00222992
         332     1.84343     1.86406  0.00222407
         333     1.81663     1.86391  0.00222195
         334     1.87622     1.86395   0.0022156
         335     1.88903     1.86403  0.00221025
         336     1.85583       1.864  0.00220381
         337     1.83208     1.86391  0.00219931
         338     1.85413     1.86388  0.00219299
         339     1.80225      1.8637  0.00219404
         340     1.81312     1.86355  0.00219263
         341       1.816     1.86341  0.00219062
         342     1.82343     1.86329  0.00218734
         343      1.9096     1.86343  0.00218512
         344     1.88639     1.86349  0.00217979
         345     1.86039     1.86348  0.00217349
         346     1.84796     1.86344  0.00216767
         347     1.82299     1.86332  0.00216456
         348     1.84417     1.86327  0.00215904
         349     1.86187     1.86326  0.00215285
         350     1.82973     1.86317  0.00214883
         351     1.83562     1.86309  0.00214414
         352     1.80617     1.86293  0.00214414
         353     1.81239     1.86278  0.00214284
         354      1.8476     1.86274  0.00213722
         355     1.88199      1.8628  0.00213188
         356     1.87644     1.86283  0.00212624
         357     1.83578     1.86276  0.00212163
         358     1.84254      1.8627  0.00211646
         359     1.84112     1.86264  0.00211142
         360     1.82463     1.86254  0.00210819
         361     1.88888     1.86261  0.00210361
         362     1.85554     1.86259  0.00209789
         363     1.85971     1.86258  0.00209213
         364     1.87934     1.86263  0.00208689
         365     1.87311     1.86266  0.00208137
         366     1.88048      1.8627  0.00207625
         367     1.87582     1.86274   0.0020709
         368     1.90106     1.86284  0.00206789
         369     1.88426      1.8629   0.0020631
         370     1.84907     1.86287  0.00205786
         371     1.85424     1.86284  0.00205245
         372     1.85649     1.86282    0.002047
         373     1.87955     1.86287    0.002042
         374     1.85917     1.86286  0.00203657
         375      1.8787      1.8629  0.00203158
         376     1.83036     1.86282  0.00202802
         377     1.83925     1.86275   0.0020236
         378     1.81685     1.86263  0.00202189
         379     1.81641     1.86251  0.00202023
         380     1.86024      1.8625  0.00201492
         381     1.88528     1.86256  0.00201052
         382     1.89259     1.86264  0.00200679
         383     1.95086     1.86287  0.00201473
         384     1.87623     1.86291  0.00200978
         385     1.84373     1.86286  0.00200518
         386     1.84635     1.86281  0.00200044
         387     1.83379     1.86274  0.00199667
         388     1.84298     1.86269  0.00199218
         389     1.83374     1.86261  0.00198845
         390     1.85171     1.86259  0.00198354
         391     1.82917      1.8625  0.00198031
         392     1.84047     1.86244  0.00197606
         393     1.85167     1.86242  0.00197122
         394     1.86991     1.86244  0.00196631
         395     1.90932     1.86255  0.00196491
         396     1.88021      1.8626  0.00196045
         397     1.90662     1.86271  0.00195865
         398     1.89113     1.86278  0.00195503
         399     1.90584     1.86289   0.0019531
         400     1.89076     1.86296  0.00194946
         401      1.8069     1.86282  0.00194961
         402     1.84392     1.86277  0.00194533
         403     1.87235      1.8628  0.00194064
         404     1.88796     1.86286  0.00193684
         405     1.86434     1.86286  0.00193206
         406     1.83326     1.86279  0.00192868
         407     1.83928     1.86273   0.0019248
         408     1.85894     1.86272  0.00192011
         409     1.87524     1.86275  0.00191566
         410      1.8347     1.86268  0.00191221
         411     1.85165     1.86266  0.00190774
         412     1.81508     1.86254   0.0019066
         413     1.89148     1.86261  0.00190327
         414     1.90139     1.86271  0.00190098
         415     1.85482     1.86269  0.00189649
         416     1.80841     1.86256  0.00189642
         417     1.80625     1.86242  0.00189667
         418     1.80692     1.86229  0.00189677
         419     1.84937     1.86226   0.0018925
         420     1.83799      1.8622  0.00188887
         421      1.8494     1.86217  0.00188463
         422     1.85358     1.86215  0.00188028
         423     1.85535     1.86213   0.0018759
         424     1.83001     1.86206  0.00187301
         425     1.84264     1.86201  0.00186916
         426     1.83608     1.86195  0.00186576
         427     1.87379     1.86198   0.0018616
         428     1.85545     1.86196  0.00185731
         429     1.87651       1.862  0.00185329
         430     1.93437     1.86217  0.00185661
         431      1.8629     1.86217   0.0018523
         432     1.87877     1.86221  0.00184841
         433     1.90409      1.8623  0.00184667
         434     1.88619     1.86236  0.00184323
         435     1.96518     1.86259  0.00185409
         436      1.9058     1.86269  0.00185249
         437     1.89243     1.86276   0.0018495
         438     1.89768     1.86284  0.00184699
         439     1.83976     1.86279  0.00184353
         440     1.87258     1.86281  0.00183948
         441     1.90621     1.86291  0.00183794
         442     1.87702     1.86294  0.00183406
         443     1.83826     1.86289  0.00183076
         444     1.83993     1.86283  0.00182737
         445      1.8507     1.86281  0.00182346
         446     1.85415     1.86279  0.00181948
         447     1.79321     1.86263  0.00182205
         448     1.82681     1.86255  0.00181974
         449     1.86338     1.86255  0.00181569
         450     1.89369     1.86262  0.00181297
         451     1.91447     1.86274  0.00181259
         452     1.88397     1.86278  0.00180919
         453     1.87452     1.86281  0.00180538
         454     1.92012     1.86294  0.00180581
         455     1.92453     1.86307  0.00180691
         456     1.88321     1.86312  0.00180349
         457       1.848     1.86308  0.00179985
         458     1.86532     1.86309  0.00179592
         459     1.87853     1.86312  0.00179233
         460      1.9107     1.86322  0.00179141
         461     1.91377     1.86333  0.00179088
         462     1.88604     1.86338  0.00178767
         463     1.85478     1.86336  0.00178391
         464     1.80508     1.86324  0.00178448
         465     1.81961     1.86315  0.00178311
         466     1.83071     1.86308  0.00178064
         467      1.8585     1.86307  0.00177686
         468     1.86934     1.86308  0.00177311
         469     1.83436     1.86302  0.00177039
         470     1.83088     1.86295  0.00176794
         471     1.82483     1.86287  0.00176604
         472     1.87107     1.86289  0.00176238
         473     1.84937     1.86286  0.00175889
         474     1.89924     1.86293  0.00175685
         475      1.9209     1.86306  0.00175738
         476     1.86824     1.86307  0.00175373
         477     1.84666     1.86303  0.00175039
         478      1.8191     1.86294  0.00174914
         479     1.81927     1.86285  0.00174786
         480     1.80302     1.86273  0.00174866
         481     1.82704     1.86265  0.00174659
         482     1.84136     1.86261  0.00174353
         483     1.85416     1.86259  0.00174001
         484     1.89122     1.86265  0.00173742
         485     1.85142     1.86263  0.00173399
         486      1.8444     1.86259  0.00173083
         487     1.87355     1.86261  0.00172742
         488     1.87289     1.86263  0.00172401
         489     1.87978     1.86267  0.00172084
         490      1.8656     1.86267  0.00171734
         491      1.8158     1.86258  0.00171649
         492     1.82045     1.86249  0.00171514
         493     1.85864     1.86248  0.00171167
         494     1.83235     1.86242   0.0017093
         495     1.87847     1.86245  0.00170615
         496      1.8545     1.86244  0.00170279
         497     1.85946     1.86243  0.00169937
         498     1.89264     1.86249  0.00169704
         499     1.94071     1.86265  0.00170086
         500     1.92848     1.86278  0.00170255
