#     BLOCK:  ACTUAL_PE:     PE_AVE:      ERROR:
           1   -0.427587   -0.427587           0
           2   -0.425666   -0.426627  0.00067908
           3   -0.394088    -0.41578  0.00886742
           4   -0.398405   -0.411437  0.00764076
           5   -0.340856   -0.397321   0.0140277
           6   -0.383403   -0.395001     0.01188
           7   -0.418512    -0.39836   0.0106471
           8   -0.438452   -0.403371   0.0104291
           9    -0.40541   -0.403598  0.00927279
          10   -0.381873   -0.401425  0.00859623
          11   -0.406877   -0.401921  0.00782903
          12   -0.440315    -0.40512  0.00780304
          13    -0.43077   -0.407093  0.00744807
          14   -0.396096   -0.406308  0.00695737
          15   -0.439518   -0.408522  0.00683675
          16   -0.428581   -0.409776  0.00652339
          17   -0.406078   -0.409558  0.00614329
          18   -0.353932   -0.406468  0.00653322
          19   -0.402408   -0.406254  0.00619286
          20   -0.386907   -0.405287  0.00595828
          21   -0.397282   -0.404906  0.00568674
          22   -0.434727   -0.406261  0.00558747
          23   -0.420098   -0.406863  0.00537682
          24   -0.381464   -0.405804   0.0052559
          25   -0.361778   -0.404043  0.00533254
          26   -0.359562   -0.402333   0.0053949
          27   -0.340612   -0.400047  0.00565871
          28   -0.354975   -0.398437  0.00568096
          29   -0.350874   -0.396797  0.00571692
          30   -0.339799   -0.394897  0.00583352
          31   -0.390295   -0.394748  0.00564723
          32   -0.385348   -0.394455  0.00547839
          33   -0.340313   -0.392814  0.00555261
          34   -0.352524   -0.391629   0.0055143
          35   -0.336431   -0.390052  0.00557771
          36   -0.334021   -0.388495  0.00563575
          37   -0.330432   -0.386926  0.00569773
          38   -0.358028   -0.386166  0.00559831
          39   -0.378424   -0.385967  0.00545828
          40   -0.390715   -0.386086  0.00532311
          41   -0.415636   -0.386807  0.00524185
          42     -0.4534   -0.388392  0.00535147
          43   -0.409004   -0.388872  0.00524844
          44   -0.452309   -0.390313  0.00532351
          45   -0.485842   -0.392436  0.00561253
          46   -0.440811   -0.393488  0.00558817
          47   -0.396488   -0.393552  0.00546964
          48   -0.318899   -0.391996  0.00557242
          49   -0.333644   -0.390805   0.0055845
          50   -0.346622   -0.389922  0.00554228
          51   -0.335381   -0.388852  0.00553582
          52   -0.302987   -0.387201  0.00567029
          53   -0.329876   -0.386119  0.00566553
          54    -0.35474   -0.385538  0.00559033
          55   -0.401338   -0.385826  0.00549607
          56   -0.445571   -0.386893   0.0055005
          57   -0.452734   -0.388048  0.00552395
          58   -0.425929   -0.388701  0.00546719
          59   -0.410469    -0.38907  0.00538696
          60   -0.391164   -0.389105  0.00529729
          61    -0.45615   -0.390204  0.00532325
          62   -0.439674   -0.391002  0.00529685
          63   -0.430539   -0.391629  0.00524982
          64   -0.436018   -0.392323  0.00521341
          65   -0.417276   -0.392707  0.00514732
          66   -0.416079   -0.393061   0.0050815
          67   -0.441691   -0.393787  0.00505722
          68    -0.41976   -0.394169  0.00499726
          69   -0.390399   -0.394114  0.00492513
          70   -0.368091   -0.393742  0.00486878
          71   -0.402199   -0.393861  0.00480166
          72   -0.401371   -0.393966  0.00473611
          73   -0.444792   -0.394662  0.00472213
          74   -0.437483   -0.395241  0.00469364
          75   -0.478704   -0.396353  0.00476115
          76    -0.41803   -0.396639  0.00470704
          77   -0.415449   -0.396883  0.00465225
          78   -0.443422    -0.39748  0.00463071
          79   -0.404167   -0.397564  0.00457286
          80   -0.369726   -0.397216  0.00452892
          81   -0.400972   -0.397263  0.00447325
          82   -0.381837   -0.397074  0.00442265
          83    -0.42574    -0.39742  0.00438283
          84   -0.380263   -0.397216  0.00433541
          85   -0.365516   -0.396843  0.00430041
          86   -0.392479   -0.396792  0.00425071
          87   -0.388806     -0.3967  0.00420284
          88   -0.440395   -0.397197  0.00418431
          89   -0.473372   -0.398053  0.00422392
          90   -0.396161   -0.398032  0.00417704
          91     -0.4168   -0.398238  0.00413623
          92   -0.430227   -0.398586  0.00410586
          93   -0.438373   -0.399013  0.00408394
          94   -0.440536   -0.399455  0.00406431
          95   -0.410757   -0.399574  0.00402327
          96    -0.39891   -0.399567  0.00398137
          97   -0.428384   -0.399864  0.00395139
          98   -0.426182   -0.400133  0.00392019
          99    -0.38315   -0.399961  0.00388434
         100   -0.405487   -0.400016  0.00384589
         101   -0.382062   -0.399839  0.00381192
         102   -0.335579   -0.399209  0.00382625
         103   -0.342937   -0.398662  0.00382791
         104   -0.342186   -0.398119  0.00382943
         105   -0.384808   -0.397993  0.00379506
         106   -0.346448   -0.397506  0.00379028
         107   -0.351436   -0.397076  0.00377923
         108   -0.338364   -0.396532  0.00378314
         109   -0.337332   -0.395989  0.00378721
         110   -0.304675   -0.395159  0.00384269
         111   -0.326686   -0.394542  0.00385726
         112   -0.344653   -0.394097  0.00384846
         113   -0.370855   -0.393891  0.00381989
         114    -0.38908   -0.393849  0.00378662
         115   -0.385675   -0.393778  0.00375436
         116   -0.419192   -0.393997  0.00372838
         117   -0.374802   -0.393833  0.00370012
         118    -0.38695   -0.393774  0.00366922
         119   -0.377017   -0.393633  0.00364109
         120   -0.341636     -0.3932  0.00363644
         121   -0.398416   -0.393243  0.00360664
         122   -0.379544   -0.393131  0.00357883
         123   -0.340681   -0.392705  0.00357505
         124   -0.406835   -0.392818  0.00354803
         125   -0.415077   -0.392997  0.00352411
         126   -0.377609   -0.392874  0.00349826
         127   -0.409044   -0.393002  0.00347303
         128   -0.406864    -0.39311  0.00344759
         129   -0.367796   -0.392914  0.00342644
         130   -0.365508   -0.392703  0.00340656
         131   -0.419929   -0.392911  0.00338689
         132   -0.431112     -0.3932  0.00337358
         133   -0.397457   -0.393232  0.00334836
         134   -0.420432   -0.393435  0.00332952
         135   -0.369796    -0.39326  0.00330946
         136   -0.394415   -0.393269  0.00328514
         137   -0.446406   -0.393657  0.00328397
         138   -0.387589   -0.393613  0.00326047
         139   -0.356361   -0.393345  0.00324801
         140   -0.358393   -0.393095  0.00323439
         141   -0.404136   -0.393173   0.0032124
         142   -0.409443   -0.393288  0.00319182
         143   -0.359171   -0.393049   0.0031784
         144   -0.378709    -0.39295  0.00315789
         145   -0.369111   -0.392785  0.00314039
         146   -0.344281   -0.392453   0.0031364
         147   -0.332605   -0.392046  0.00314138
         148   -0.298711   -0.391415  0.00318283
         149   -0.303427   -0.390825  0.00321578
         150   -0.336124    -0.39046  0.00321495
         151    -0.41121   -0.390597   0.0031966
         152    -0.37189   -0.390474  0.00317793
         153   -0.380141   -0.390407  0.00315788
         154   -0.381704    -0.39035  0.00313788
         155   -0.425086   -0.390574  0.00312563
         156   -0.443071   -0.390911  0.00312366
         157   -0.395391   -0.390939  0.00310389
         158    -0.39438   -0.390961  0.00308432
         159   -0.385402   -0.390926  0.00306512
         160   -0.364166   -0.390759  0.00305052
         161   -0.346402   -0.390484  0.00304399
         162   -0.380225    -0.39042  0.00302586
         163   -0.400488   -0.390482  0.00300793
         164    -0.39418   -0.390504  0.00298967
         165    -0.35596   -0.390295  0.00297887
         166   -0.349735   -0.390051  0.00297093
         167   -0.342179   -0.389764  0.00296694
         168    -0.36618   -0.389624   0.0029526
         169   -0.363078   -0.389467   0.0029393
         170   -0.382547   -0.389426  0.00292229
         171    -0.40432   -0.389513   0.0029065
         172   -0.357259   -0.389326  0.00289565
         173   -0.404266   -0.389412   0.0028802
         174   -0.412934   -0.389547  0.00286682
         175    -0.38275   -0.389508   0.0028507
         176   -0.373793   -0.389419   0.0028359
         177   -0.337899   -0.389128  0.00283477
         178   -0.350515   -0.388911  0.00282714
         179   -0.347908   -0.388682  0.00282061
         180   -0.413632   -0.388821  0.00280834
         181   -0.429184   -0.389044  0.00280166
         182   -0.437564    -0.38931  0.00279893
         183   -0.399202   -0.389364  0.00278415
         184   -0.382848   -0.389329  0.00276925
         185   -0.369997   -0.389224  0.00275625
         186   -0.348808   -0.389007  0.00274998
         187   -0.328091   -0.388681   0.0027545
         188   -0.369568    -0.38858  0.00274173
         189   -0.330245   -0.388271  0.00274454
         190   -0.329228    -0.38796  0.00274763
         191   -0.402621   -0.388037  0.00273432
         192   -0.390886   -0.388052  0.00272011
         193   -0.399581   -0.388111  0.00270668
         194   -0.345066    -0.38789   0.0027018
         195   -0.351005     -0.3877  0.00269456
         196   -0.394533   -0.387735  0.00268104
         197   -0.396098   -0.387778  0.00266777
         198    -0.41955   -0.387938  0.00265911
         199    -0.38084   -0.387903  0.00264599
         200    -0.39573   -0.387942  0.00263305
         201   -0.387633    -0.38794  0.00261995
         202   -0.403592   -0.388018  0.00260813
         203   -0.410171   -0.388127  0.00259756
         204   -0.437936   -0.388371  0.00259628
         205   -0.534036   -0.389081  0.00267908
         206   -0.538931   -0.389809  0.00276307
         207    -0.46964   -0.390195   0.0027765
         208    -0.44153   -0.390441   0.0027741
         209   -0.433586   -0.390648   0.0027685
         210   -0.429376   -0.390832  0.00276145
         211   -0.420459   -0.390973  0.00275193
         212   -0.433524   -0.391173  0.00274626
         213   -0.400142   -0.391215  0.00273369
         214   -0.395015   -0.391233  0.00272097
         215   -0.404958   -0.391297  0.00270907
         216   -0.407488   -0.391372  0.00269756
         217   -0.320826   -0.391047  0.00270465
         218    -0.31336   -0.390691  0.00271562
         219    -0.33648   -0.390443  0.00271448
         220   -0.386272   -0.390424   0.0027022
         221   -0.431823   -0.390611  0.00269646
         222   -0.427914   -0.390779  0.00268955
         223   -0.379797    -0.39073  0.00267794
         224   -0.338225   -0.390496  0.00267622
         225   -0.369904   -0.390404  0.00266589
         226   -0.357214   -0.390257  0.00265814
         227   -0.368469   -0.390161  0.00264816
         228   -0.409686   -0.390247  0.00263793
         229   -0.397289   -0.390278  0.00262659
         230   -0.414784   -0.390384  0.00261733
         231   -0.380856   -0.390343  0.00260632
         232   -0.366481    -0.39024  0.00259712
         233   -0.445012   -0.390475  0.00259659
         234   -0.422982   -0.390614   0.0025892
         235   -0.450059   -0.390867  0.00259051
         236   -0.507766   -0.391363  0.00262647
         237   -0.501907   -0.391829  0.00265648
         238   -0.461412   -0.392121  0.00266136
         239    -0.45328   -0.392377   0.0026625
         240   -0.381683   -0.392333  0.00265177
         241   -0.342088   -0.392124  0.00264895
         242   -0.377058   -0.392062  0.00263874
         243   -0.409386   -0.392133  0.00262884
         244   -0.429846   -0.392288  0.00262261
         245   -0.400871   -0.392323  0.00261214
         246   -0.392798   -0.392325  0.00260152
         247   -0.403708   -0.392371   0.0025914
         248     -0.4047   -0.392421  0.00258142
         249   -0.431434   -0.392577  0.00257581
         250   -0.400685    -0.39261  0.00256571
         251   -0.409618   -0.392677  0.00255638
         252     -0.4227   -0.392797  0.00254901
         253   -0.403475   -0.392839  0.00253929
         254   -0.385482    -0.39281  0.00252945
         255   -0.371733   -0.392727  0.00252088
         256   -0.382102   -0.392686  0.00251138
         257   -0.429838    -0.39283  0.00250576
         258   -0.405199   -0.392878  0.00249651
         259    -0.36604   -0.392775  0.00248902
         260   -0.395365   -0.392784  0.00247947
         261   -0.420785   -0.392892  0.00247229
         262   -0.417983   -0.392988  0.00246471
         263   -0.416296   -0.393076  0.00245693
         264   -0.455195   -0.393311  0.00245886
         265   -0.462854   -0.393574  0.00246355
         266   -0.383597   -0.393536  0.00245457
         267   -0.359145   -0.393408  0.00244876
         268    -0.34278   -0.393219  0.00244689
         269   -0.398777   -0.393239  0.00243789
         270   -0.412926   -0.393312  0.00242995
         271    -0.37178   -0.393233  0.00242228
         272   -0.418253   -0.393325  0.00241512
         273   -0.426995   -0.393448  0.00240942
         274   -0.380132   -0.393399  0.00240112
         275   -0.434911    -0.39355  0.00239712
         276   -0.443769   -0.393732  0.00239533
         277   -0.432407   -0.393872  0.00239075
         278    -0.46677   -0.394134  0.00239649
         279   -0.487121   -0.394468  0.00241097
         280   -0.478531   -0.394768  0.00242098
         281   -0.482463    -0.39508  0.00243239
         282   -0.537003   -0.395583  0.00247528
         283   -0.460452   -0.395812  0.00247713
         284   -0.469902   -0.396073   0.0024821
         285    -0.43541   -0.396211  0.00247723
         286   -0.415763    -0.39628  0.00246951
         287   -0.430193   -0.396398  0.00246373
         288    -0.44391   -0.396563  0.00246069
         289   -0.459759   -0.396781  0.00246188
         290   -0.448053   -0.396958  0.00245973
         291   -0.392557   -0.396943  0.00245132
         292   -0.367026   -0.396841  0.00244507
         293   -0.418317   -0.396914  0.00243782
         294   -0.414345   -0.396973  0.00243025
         295   -0.420968   -0.397055  0.00242337
         296   -0.418255   -0.397126  0.00241624
         297   -0.432548   -0.397245  0.00241105
         298   -0.362382   -0.397128   0.0024058
         299   -0.339145   -0.396935  0.00240555
         300   -0.362602    -0.39682  0.00240025
         301   -0.428127   -0.396924  0.00239453
         302   -0.412326   -0.396975  0.00238715
         303   -0.355256   -0.396837  0.00238324
         304   -0.376071   -0.396769  0.00237638
         305   -0.430396   -0.396879  0.00237114
         306     -0.3915   -0.396862  0.00236346
         307   -0.427324   -0.396961  0.00235784
         308   -0.449516   -0.397132  0.00235635
         309   -0.453421   -0.397314  0.00235576
         310   -0.356984   -0.397184  0.00235175
         311      -0.342   -0.397006  0.00235087
         312   -0.388093   -0.396978  0.00234351
         313    -0.39803   -0.396981  0.00233602
         314   -0.403294   -0.397001  0.00232867
         315   -0.427679   -0.397099  0.00232331
         316   -0.427492   -0.397195  0.00231795
         317   -0.404383   -0.397217  0.00231075
         318   -0.410136   -0.397258  0.00230384
         319   -0.407451    -0.39729  0.00229684
         320   -0.351175   -0.397146  0.00229418
         321   -0.350214      -0.397  0.00229169
         322   -0.389573   -0.396977  0.00228468
         323   -0.369957   -0.396893  0.00227914
         324   -0.401878   -0.396908  0.00227216
         325   -0.427327   -0.397002  0.00226709
         326   -0.424015   -0.397085  0.00226165
         327   -0.375158   -0.397018  0.00225573
         328   -0.378688   -0.396962  0.00224955
         329   -0.388048   -0.396935  0.00224287
         330    -0.38771   -0.396907  0.00223625
         331     -0.4295   -0.397005  0.00223166
         332   -0.376283   -0.396943  0.00222581
         333   -0.349467     -0.3968  0.00222369
         334   -0.409165   -0.396837  0.00221734
         335   -0.421773   -0.396912  0.00221197
         336     -0.3886   -0.396887  0.00220552
         337   -0.364916   -0.396792  0.00220102
         338   -0.386889   -0.396763   0.0021947
         339    -0.33501   -0.396581  0.00219578
         340   -0.345988   -0.396432  0.00219435
         341   -0.348865   -0.396292  0.00219235
         342   -0.356312   -0.396175  0.00218905
         343     -0.4425   -0.396311  0.00218683
         344   -0.419177   -0.396377  0.00218148
         345    -0.39318   -0.396368  0.00217518
         346   -0.380897   -0.396323  0.00216935
         347   -0.355933   -0.396207  0.00216622
         348    -0.37695   -0.396151   0.0021607
         349   -0.394666   -0.396147  0.00215452
         350   -0.362457   -0.396051  0.00215051
         351   -0.368375   -0.395972  0.00214583
         352    -0.33899    -0.39581  0.00214583
         353    -0.34517   -0.395667  0.00214454
         354   -0.380507   -0.395624  0.00213891
         355   -0.414885   -0.395678  0.00213357
         356   -0.409411   -0.395717  0.00212793
         357   -0.368711   -0.395641  0.00212331
         358   -0.375378   -0.395584  0.00211814
         359   -0.373899   -0.395524   0.0021131
         360   -0.357466   -0.395418  0.00210987
         361     -0.4217   -0.395491  0.00210528
         362   -0.388326   -0.395471  0.00209956
         363   -0.392538   -0.395463  0.00209379
         364   -0.412114   -0.395509  0.00208854
         365   -0.405982   -0.395538  0.00208301
         366   -0.413348   -0.395586  0.00207789
         367   -0.408826   -0.395622  0.00207254
         368   -0.434022   -0.395727  0.00206953
         369    -0.41713   -0.395785  0.00206474
         370   -0.382054   -0.395748  0.00205949
         371   -0.387181   -0.395724  0.00205407
         372   -0.389416   -0.395708  0.00204862
         373   -0.412272   -0.395752  0.00204361
         374   -0.392007   -0.395742  0.00203817
         375   -0.411435   -0.395784  0.00203316
         376   -0.363144   -0.395697  0.00202961
         377   -0.372009   -0.395634   0.0020252
         378   -0.349636   -0.395512  0.00202349
         379   -0.349226    -0.39539  0.00202183
         380   -0.393062   -0.395384  0.00201652
         381   -0.418124   -0.395444  0.00201211
         382   -0.425459   -0.395522  0.00200838
         383   -0.483845   -0.395753  0.00201633
         384   -0.409118   -0.395788  0.00201138
         385   -0.376798   -0.395739  0.00200676
         386   -0.379299   -0.395696  0.00200201
         387   -0.366759   -0.395621  0.00199824
         388   -0.375883    -0.39557  0.00199373
         389   -0.366551   -0.395496     0.00199
         390   -0.384572   -0.395468   0.0019851
         391   -0.361966   -0.395382  0.00198187
         392   -0.373356   -0.395326  0.00197761
         393    -0.38445   -0.395298  0.00197277
         394    -0.40297   -0.395318  0.00196786
         395   -0.442189   -0.395436  0.00196645
         396   -0.413292   -0.395481    0.001962
         397   -0.439593   -0.395592  0.00196021
         398   -0.423989   -0.395664  0.00195658
         399   -0.438848   -0.395772  0.00195467
         400   -0.423546   -0.395841  0.00195101
         401   -0.339671   -0.395701  0.00195117
         402    -0.37682   -0.395654  0.00194688
         403   -0.405083   -0.395678  0.00194219
         404   -0.420752    -0.39574  0.00193838
         405    -0.39719   -0.395743  0.00193359
         406   -0.366246   -0.395671  0.00193019
         407    -0.37222   -0.395613  0.00192631
         408   -0.391952   -0.395604  0.00192161
         409   -0.408209   -0.395635  0.00191716
         410   -0.367663   -0.395567   0.0019137
         411   -0.384619    -0.39554  0.00190923
         412   -0.348154   -0.395425  0.00190805
         413   -0.424627   -0.395496  0.00190474
         414   -0.434311    -0.39559  0.00190245
         415   -0.387769   -0.395571  0.00189796
         416   -0.341353    -0.39544  0.00189786
         417   -0.339228   -0.395306   0.0018981
         418   -0.339824   -0.395173  0.00189819
         419   -0.382254   -0.395142  0.00189391
         420   -0.370803   -0.395084  0.00189029
         421   -0.382233   -0.395054  0.00188604
         422   -0.386362   -0.395033  0.00188169
         423   -0.388176   -0.395017  0.00187731
         424   -0.362978   -0.394941   0.0018744
         425   -0.375509   -0.394896  0.00187055
         426   -0.369042   -0.394835  0.00186714
         427   -0.406817   -0.394863  0.00186298
         428   -0.388425   -0.394848  0.00185869
         429   -0.409632   -0.394882  0.00185467
         430   -0.467294   -0.395051  0.00185799
         431    -0.39588   -0.395053  0.00185368
         432   -0.411854   -0.395092   0.0018498
         433   -0.437171   -0.395189  0.00184808
         434   -0.419316   -0.395244  0.00184465
         435   -0.498333   -0.395481  0.00185557
         436   -0.438863   -0.395581  0.00185398
         437   -0.425537   -0.395649  0.00185101
         438    -0.43057   -0.395729   0.0018485
         439   -0.372624   -0.395676  0.00184504
         440   -0.405597   -0.395699  0.00184098
         441   -0.439077   -0.395797  0.00183943
         442   -0.409836   -0.395829  0.00183554
         443   -0.371212   -0.395774  0.00183224
         444   -0.372821   -0.395722  0.00182884
         445   -0.383548   -0.395694  0.00182494
         446   -0.386967   -0.395675  0.00182095
         447   -0.326008   -0.395519  0.00182354
         448   -0.359684   -0.395439  0.00182122
         449   -0.396134   -0.395441  0.00181716
         450   -0.426372   -0.395509  0.00181443
         451   -0.447231   -0.395624  0.00181402
         452   -0.416711   -0.395671  0.00181061
         453   -0.407473   -0.395697   0.0018068
         454   -0.453047   -0.395823  0.00180723
         455   -0.457503   -0.395959  0.00180834
         456     -0.4161   -0.396003  0.00180491
         457   -0.381023    -0.39597  0.00180126
         458    -0.39839   -0.395975  0.00179733
         459   -0.411394   -0.396009  0.00179373
         460   -0.443736   -0.396113  0.00179283
         461   -0.446669   -0.396222  0.00179229
         462    -0.41897   -0.396272  0.00178909
         463   -0.387628   -0.396253  0.00178532
         464    -0.33796   -0.396127  0.00178589
         465   -0.352532   -0.396034  0.00178451
         466   -0.363724   -0.395964  0.00178202
         467   -0.391546   -0.395955  0.00177823
         468   -0.402328   -0.395968  0.00177449
         469   -0.367369   -0.395907  0.00177175
         470   -0.363835   -0.395839  0.00176929
         471   -0.357899   -0.395759  0.00176737
         472   -0.404147   -0.395776  0.00176371
         473   -0.382362   -0.395748  0.00176021
         474   -0.432356   -0.395825  0.00175819
         475   -0.453808   -0.395947  0.00175873
         476   -0.401282   -0.395958  0.00175507
         477   -0.379633   -0.395924  0.00175172
         478    -0.35211   -0.395833  0.00175045
         479   -0.352258   -0.395742  0.00174916
         480   -0.335961   -0.395617  0.00174994
         481   -0.360071   -0.395543  0.00174787
         482   -0.374366   -0.395499  0.00174479
         483   -0.387061   -0.395482  0.00174127
         484   -0.424202   -0.395541  0.00173868
         485   -0.384287   -0.395518  0.00173525
         486   -0.377385   -0.395481  0.00173208
         487   -0.406448   -0.395503  0.00172867
         488   -0.405786   -0.395524  0.00172526
         489   -0.412635   -0.395559  0.00172208
         490    -0.39843   -0.395565  0.00171858
         491   -0.348735    -0.39547  0.00171772
         492   -0.353442   -0.395384  0.00171635
         493   -0.391522   -0.395376  0.00171289
         494   -0.365245   -0.395315  0.00171051
         495    -0.41142   -0.395348  0.00170736
         496   -0.387484   -0.395332  0.00170399
         497   -0.392554   -0.395327  0.00170057
         498   -0.425739   -0.395388  0.00169826
         499   -0.473839   -0.395545  0.00170211
         500   -0.461529   -0.395677  0.00170382
