#     BLOCK:   ACTUAL_P:     P_AVE:       ERROR:
           1   0.0551929   0.0551929           0
           2    0.052932   0.0540624 0.000799362
           3   0.0538888   0.0540046    0.000535
           4   0.0535418   0.0538889 0.000413567
           5   0.0483823   0.0527876  0.00103913
           6   0.0535095   0.0529079 0.000872883
           7   0.0535519   0.0529999 0.000753019
           8   0.0547741   0.0532217 0.000690779
           9   0.0533824   0.0532395 0.000614257
          10   0.0549215   0.0534077   0.0005754
          11    0.053823   0.0534455 0.000524327
          12   0.0521844   0.0533404 0.000491052
          13   0.0564731   0.0535814 0.000508985
          14    0.050007   0.0533261 0.000532828
          15   0.0577077   0.0536182 0.000571797
          16   0.0492163    0.053343 0.000598597
          17   0.0570119   0.0535589 0.000601033
          18   0.0502467   0.0533749 0.000595143
          19    0.052164   0.0533111 0.000567221
          20   0.0481054   0.0530508 0.000595593
          21   0.0546788   0.0531284 0.000572254
          22   0.0498544   0.0529795 0.000565261
          23   0.0522027   0.0529458 0.000541693
          24   0.0492802    0.052793 0.000540225
          25   0.0520041   0.0527615 0.000519537
          26   0.0502171   0.0526636 0.000508688
          27    0.049928   0.0525623 0.000499836
          28   0.0498982   0.0524672 0.000490957
          29   0.0490324   0.0523487 0.000488105
          30   0.0474083    0.052184 0.000498842
          31   0.0515726   0.0521643  0.00048314
          32   0.0482399   0.0520417 0.000483356
          33   0.0524845   0.0520551 0.000468895
          34   0.0524631   0.0520671 0.000455258
          35   0.0507896   0.0520306 0.000443711
          36   0.0495695   0.0519622  0.00043662
          37   0.0482391   0.0518616 0.000436261
          38   0.0525716   0.0518803  0.00042518
          39   0.0492553    0.051813 0.000419572
          40   0.0525886   0.0518324 0.000409531
          41   0.0474474   0.0517254 0.000413272
          42   0.0519242   0.0517301 0.000403459
          43   0.0533692   0.0517683 0.000395873
          44   0.0543224   0.0518263 0.000391109
          45   0.0552936   0.0519034 0.000389933
          46   0.0462328   0.0517801 0.000400468
          47   0.0499149   0.0517404 0.000393909
          48    0.052083   0.0517475 0.000385767
          49   0.0557516   0.0518293 0.000386452
          50   0.0551184    0.051895 0.000384281
          51   0.0552558   0.0519609 0.000382354
          52   0.0528387   0.0519778 0.000375374
          53   0.0511674   0.0519625 0.000368603
          54   0.0511937   0.0519483 0.000362052
          55   0.0495457   0.0519046 0.000358094
          56   0.0511397    0.051891  0.00035196
          57   0.0545959   0.0519384  0.00034897
          58    0.050387   0.0519117 0.000343977
          59   0.0538337   0.0519442 0.000339686
          60   0.0495922    0.051905 0.000336279
          61   0.0600537   0.0520386 0.000356312
          62    0.053207   0.0520575 0.000351064
          63   0.0538549    0.052086 0.000346648
          64   0.0567399   0.0521587 0.000348776
          65   0.0501556   0.0521279 0.000344769
          66   0.0493216   0.0520854 0.000342157
          67   0.0563304   0.0521487 0.000342866
          68   0.0516454   0.0521413 0.000337904
          69   0.0511534    0.052127  0.00033331
          70   0.0528298   0.0521371 0.000328699
          71   0.0554386   0.0521836 0.000327343
          72   0.0543155   0.0522132 0.000324133
          73   0.0559545   0.0522644 0.000323719
          74   0.0485609   0.0522144  0.00032319
          75    0.054962    0.052251  0.00032095
          76   0.0462385   0.0521719 0.000326332
          77   0.0524773   0.0521759 0.000322118
          78   0.0540854   0.0522003 0.000318917
          79   0.0507294   0.0521817 0.000315423
          80   0.0457315   0.0521011  0.00032162
          81   0.0515079   0.0520938 0.000317733
          82    0.050917   0.0520794 0.000314182
          83    0.061507    0.052193 0.000330292
          84   0.0538204   0.0522124 0.000326927
          85   0.0542727   0.0522366 0.000323978
          86   0.0526636   0.0522416 0.000320249
          87   0.0569113   0.0522953 0.000321035
          88   0.0564913   0.0523429 0.000320908
          89      0.0583   0.0524099 0.000324208
          90   0.0506377   0.0523902 0.000321203
          91     0.05608   0.0524307 0.000320222
          92   0.0534651    0.052442 0.000316939
          93   0.0503602   0.0524196  0.00031432
          94    0.056314    0.052461 0.000313695
          95   0.0445769    0.052378 0.000321183
          96   0.0488678   0.0523415 0.000319912
          97   0.0563993   0.0523833 0.000319338
          98   0.0546906   0.0524068 0.000316946
          99   0.0526529   0.0524093 0.000313754
         100   0.0577147   0.0524624  0.00031507
         101    0.053011   0.0524678 0.000311998
         102    0.050187   0.0524455 0.000309739
         103   0.0553133   0.0524733 0.000307981
         104   0.0512673   0.0524617 0.000305238
         105   0.0526271   0.0524633 0.000302335
         106   0.0484818   0.0524257 0.000301807
         107   0.0511782   0.0524141 0.000299211
         108   0.0466901   0.0523611 0.000301098
         109   0.0475124   0.0523166 0.000301604
         110   0.0458531   0.0522578 0.000304532
         111   0.0491103   0.0522295 0.000303105
         112   0.0482939   0.0521943 0.000302429
         113   0.0524409   0.0521965 0.000299761
         114   0.0519494   0.0521943 0.000297139
         115   0.0481907   0.0521595 0.000296588
         116   0.0533659   0.0521699 0.000294213
         117   0.0490939   0.0521436 0.000292871
         118   0.0479639   0.0521082 0.000292523
         119   0.0503053   0.0520931 0.000290457
         120   0.0491671   0.0520687 0.000289058
         121   0.0530478   0.0520768 0.000286782
         122   0.0543217   0.0520952 0.000285021
         123   0.0520219   0.0520946 0.000282705
         124    0.053897   0.0521091 0.000280798
         125     0.04948   0.0520881 0.000279339
         126   0.0519408   0.0520869 0.000277124
         127   0.0505295   0.0520746 0.000275213
         128    0.052083   0.0520747 0.000273063
         129   0.0524204   0.0520774  0.00027096
         130   0.0462709   0.0520327 0.000272532
         131   0.0547005   0.0520531 0.000271211
         132   0.0576895   0.0520958 0.000272497
         133     0.04788   0.0520641 0.000272286
         134   0.0531307    0.052072  0.00027037
         135   0.0514091   0.0520671 0.000268412
         136   0.0556832   0.0520937 0.000267752
         137   0.0529067   0.0520997 0.000265863
         138   0.0513928   0.0520945 0.000263986
         139   0.0505847   0.0520837  0.00026231
         140   0.0466042   0.0520445  0.00026334
         141   0.0558987   0.0520719 0.000262888
         142   0.0560568   0.0520999  0.00026253
         143   0.0498911   0.0520845 0.000261148
         144   0.0499478   0.0520696 0.000259756
         145   0.0519904   0.0520691 0.000257965
         146   0.0503597   0.0520574 0.000256463
         147    0.052863   0.0520629 0.000254777
         148   0.0466574   0.0520264  0.00025566
         149    0.053826   0.0520384  0.00025423
         150   0.0464262    0.052001 0.000255273
         151   0.0553627   0.0520233 0.000254552
         152   0.0489605   0.0520031 0.000253673
         153   0.0514212   0.0519993 0.000252044
         154   0.0494878    0.051983 0.000250934
         155    0.056344   0.0520111 0.000250887
         156   0.0569294   0.0520427 0.000251252
         157   0.0479143   0.0520164 0.000251024
         158   0.0493814   0.0519997 0.000249989
         159   0.0475229   0.0519715 0.000249997
         160   0.0507887   0.0519642 0.000248544
         161   0.0481361   0.0519404 0.000248135
         162   0.0555559   0.0519627 0.000247605
         163   0.0518819   0.0519622 0.000246086
         164   0.0497922    0.051949 0.000244941
         165   0.0531894   0.0519565 0.000243572
         166     0.04857   0.0519361 0.000242958
         167   0.0563776   0.0519627 0.000242954
         168   0.0544308   0.0519774 0.000241952
         169   0.0518137   0.0519764 0.000240522
         170   0.0549426   0.0519939 0.000239739
         171   0.0522544   0.0519954 0.000238342
         172   0.0458543   0.0519597 0.000239616
         173   0.0528309   0.0519647 0.000238284
         174   0.0472506   0.0519376 0.000238449
         175   0.0504102   0.0519289 0.000237246
         176   0.0485841   0.0519099 0.000236658
         177   0.0510857   0.0519052 0.000235367
         178   0.0513347    0.051902 0.000234067
         179   0.0513661    0.051899 0.000232778
         180   0.0534528   0.0519077 0.000231645
         181    0.053051    0.051914 0.000230451
         182   0.0560841   0.0519369 0.000230321
         183   0.0531401   0.0519435 0.000229157
         184   0.0524245   0.0519461 0.000227926
         185   0.0535838   0.0519549 0.000226866
         186   0.0480077   0.0519337 0.000226637
         187   0.0529665   0.0519392 0.000225492
         188   0.0503076   0.0519306 0.000224459
         189   0.0502235   0.0519215 0.000223453
         190   0.0507215   0.0519152 0.000222367
         191   0.0560764    0.051937 0.000222267
         192   0.0504268   0.0519291 0.000221249
         193   0.0512974   0.0519259 0.000220126
         194   0.0537433   0.0519352 0.000219191
         195   0.0551278   0.0519516 0.000218678
         196   0.0500476   0.0519419 0.000217777
         197   0.0502007    0.051933 0.000216851
         198   0.0535838   0.0519414 0.000215916
         199   0.0518173   0.0519408 0.000214832
         200   0.0541429   0.0519518  0.00021404
         201   0.0502787   0.0519434 0.000213137
         202   0.0478231    0.051923 0.000213056
         203   0.0495533   0.0519114 0.000212326
         204   0.0520147   0.0519119 0.000211285
         205   0.0548073    0.051926 0.000210726
         206   0.0563826   0.0519476 0.000210811
         207   0.0534686    0.051955  0.00020992
         208   0.0488904   0.0519403 0.000209428
         209   0.0575145   0.0519669 0.000210117
         210   0.0533377   0.0519734 0.000209218
         211   0.0510279    0.051969 0.000208274
         212   0.0560794   0.0519884 0.000208192
         213   0.0495797    0.051977 0.000207522
         214   0.0505252   0.0519703 0.000206663
         215   0.0504383   0.0519631 0.000205825
         216   0.0458739   0.0519349 0.000206793
         217   0.0503033   0.0519274 0.000205977
         218   0.0463528   0.0519019 0.000206613
         219   0.0460324   0.0518751 0.000207401
         220    0.059707   0.0519107 0.000209491
         221   0.0552986    0.051926 0.000209103
         222   0.0543863   0.0519371 0.000208455
         223   0.0536147   0.0519446 0.000207656
         224   0.0517114   0.0519435 0.000206732
         225   0.0569211   0.0519657 0.000206993
         226   0.0501894   0.0519578 0.000206226
         227   0.0496647   0.0519477 0.000205565
         228   0.0562158   0.0519664 0.000205514
         229   0.0522223   0.0519675  0.00020462
         230   0.0506518   0.0519618  0.00020381
         231   0.0515093   0.0519599 0.000202937
         232   0.0515462   0.0519581  0.00020207
         233   0.0573218   0.0519811  0.00020251
         234   0.0501207   0.0519732   0.0002018
         235    0.049094   0.0519609 0.000201313
         236   0.0542916   0.0519708 0.000200702
         237   0.0545507   0.0519817 0.000200151
         238   0.0507168   0.0519763  0.00019938
         239   0.0553628   0.0519905 0.000199049
         240   0.0528399   0.0519941 0.000198251
         241   0.0503663   0.0519873 0.000197543
         242   0.0546618   0.0519984 0.000197036
         243   0.0517393   0.0519973 0.000196228
         244   0.0553456    0.052011 0.000195903
         245   0.0467674   0.0519896 0.000196269
         246   0.0478153   0.0519726 0.000196203
         247   0.0509111   0.0519683 0.000195456
         248   0.0478233   0.0519516 0.000195381
         249   0.0489242   0.0519395 0.000194974
         250   0.0526539   0.0519423 0.000194215
         251   0.0506588   0.0519372 0.000193509
         252   0.0543323   0.0519467 0.000192974
         253   0.0467808   0.0519263 0.000193289
         254   0.0514059   0.0519243 0.000192539
         255   0.0563714   0.0519417 0.000192572
         256   0.0536088   0.0519482  0.00019193
         257    0.054777   0.0519592 0.000191498
         258   0.0518323   0.0519587 0.000190757
         259   0.0492604   0.0519483 0.000190304
         260   0.0547229    0.051959 0.000189872
         261   0.0522284     0.05196 0.000189147
         262   0.0532643    0.051965  0.00018849
         263   0.0533061   0.0519701 0.000187843
         264   0.0546224   0.0519801   0.0001874
         265   0.0583131    0.052004  0.00018821
         266   0.0488328   0.0519921  0.00018788
         267   0.0515722   0.0519905 0.000187183
         268   0.0549612   0.0520016 0.000186812
         269   0.0530599   0.0520056 0.000186159
         270   0.0560757   0.0520206 0.000186079
         271   0.0450574   0.0519949 0.000187158
         272    0.054008   0.0520023 0.000186616
         273   0.0545767   0.0520118 0.000186171
         274   0.0515838   0.0520102 0.000185498
         275   0.0514313   0.0520081 0.000184835
         276   0.0533343   0.0520129 0.000184228
         277   0.0574137   0.0520324 0.000184592
         278   0.0511206   0.0520291 0.000183957
         279   0.0534199   0.0520341 0.000183365
         280   0.0539365   0.0520409 0.000182836
         281   0.0529681   0.0520442 0.000182215
         282   0.0573348    0.052063 0.000182532
         283   0.0515212    0.052061 0.000181897
         284   0.0540817   0.0520682 0.000181396
         285   0.0559682   0.0520818 0.000181275
         286   0.0491693   0.0520717 0.000180927
         287   0.0490244    0.052061 0.000180608
         288   0.0545667   0.0520697  0.00018019
         289   0.0592868   0.0520947 0.000181289
         290   0.0581273   0.0521155 0.000181853
         291   0.0475904      0.0521 0.000181892
         292     0.05121   0.0520969 0.000181295
         293   0.0526583   0.0520988 0.000180686
         294   0.0561922   0.0521128 0.000180607
         295   0.0560016   0.0521259 0.000180475
         296   0.0514025   0.0521235 0.000179882
         297   0.0603804   0.0521513 0.000181412
         298   0.0506896   0.0521464  0.00018087
         299    0.050244     0.05214 0.000180376
         300   0.0545403    0.052148 0.000179953
         301   0.0491195    0.052138 0.000179636
         302   0.0536928   0.0521431 0.000179115
         303   0.0529555   0.0521458 0.000178544
         304   0.0520012   0.0521453 0.000177957
         305   0.0596971   0.0521701 0.000179088
         306   0.0494091   0.0521611  0.00017873
         307   0.0552452   0.0521711  0.00017843
         308   0.0532702   0.0521747 0.000177886
         309   0.0585175   0.0521952 0.000178491
         310   0.0499048   0.0521878 0.000178068
         311   0.0500359   0.0521809  0.00017763
         312    0.049952   0.0521737 0.000177204
         313   0.0470962   0.0521575 0.000177379
         314    0.055305   0.0521676 0.000177097
         315   0.0507624   0.0521631 0.000176591
         316   0.0556762   0.0521742 0.000176382
         317   0.0544246   0.0521813 0.000175968
         318   0.0462358   0.0521626 0.000176405
         319   0.0538798    0.052168 0.000175934
         320   0.0557983   0.0521793  0.00017575
         321   0.0529339   0.0521817 0.000175218
         322   0.0577303   0.0521989 0.000175519
         323   0.0524603   0.0521997 0.000174977
         324   0.0555838   0.0522102 0.000174749
         325   0.0597509   0.0522334 0.000175745
         326   0.0458073   0.0522137 0.000176308
         327   0.0578688    0.052231 0.000176615
         328   0.0536655   0.0522353  0.00017613
         329   0.0531824   0.0522382 0.000175618
         330   0.0471109   0.0522227 0.000175772
         331   0.0567108   0.0522362 0.000175763
         332   0.0539637   0.0522414 0.000175311
         333   0.0514858   0.0522392 0.000174799
         334   0.0524612   0.0522398 0.000174277
         335   0.0532378   0.0522428 0.000173782
         336   0.0558251   0.0522535 0.000173592
         337   0.0478193   0.0522403 0.000173575
         338   0.0579042   0.0522571 0.000173868
         339   0.0472272   0.0522422 0.000173987
         340   0.0521002   0.0522418 0.000173476
         341   0.0571353   0.0522562  0.00017356
         342   0.0489194   0.0522464 0.000173326
         343   0.0543967   0.0522527 0.000172934
         344   0.0509026   0.0522488 0.000172476
         345   0.0496341   0.0522412 0.000172143
         346   0.0485343   0.0522305 0.000171978
         347   0.0495455   0.0522227 0.000171657
         348   0.0516221    0.052221 0.000171172
         349   0.0510056   0.0522175 0.000170717
         350   0.0496205   0.0522101  0.00017039
         351   0.0511138    0.052207 0.000169934
         352   0.0489876   0.0521978 0.000169697
         353   0.0532142   0.0522007  0.00016924
         354   0.0507115   0.0521965 0.000168815
         355   0.0534364      0.0522 0.000168375
         356   0.0558958   0.0522104 0.000168222
         357   0.0559971    0.052221 0.000168085
         358   0.0489149   0.0522117 0.000167869
         359   0.0510574   0.0522085 0.000167432
         360    0.053467    0.052212 0.000167003
         361   0.0591212   0.0522312 0.000167634
         362   0.0522149   0.0522311 0.000167171
         363   0.0558744   0.0522412 0.000167011
         364   0.0471873   0.0522273 0.000167129
         365   0.0538132   0.0522316 0.000166727
         366   0.0496822   0.0522247 0.000166417
         367   0.0520303   0.0522241 0.000165965
         368   0.0552258   0.0522323 0.000165714
         369   0.0590524   0.0522508 0.000166292
         370   0.0506791   0.0522465 0.000165897
         371   0.0508474   0.0522427 0.000165493
         372   0.0527428   0.0522441 0.000165053
         373    0.053201   0.0522467 0.000164631
         374   0.0495857   0.0522395 0.000164344
         375   0.0537058   0.0522434 0.000163953
         376   0.0504073   0.0522386 0.000163589
         377   0.0519705   0.0522379 0.000163157
         378   0.0499742   0.0522319 0.000162835
         379   0.0509642   0.0522285  0.00016244
         380   0.0503968   0.0522237 0.000162084
         381   0.0600906   0.0522443 0.000162968
         382   0.0492816   0.0522366 0.000162726
         383   0.0578623   0.0522513 0.000162963
         384   0.0520154   0.0522507  0.00016254
         385   0.0579549   0.0522655 0.000162791
         386   0.0513881   0.0522632 0.000162385
         387   0.0505367   0.0522587 0.000162027
         388   0.0504409   0.0522541 0.000161677
         389   0.0480521   0.0522433 0.000161622
         390   0.0500755   0.0522377 0.000161303
         391   0.0503727   0.0522329 0.000160961
         392   0.0554296   0.0522411 0.000160757
         393   0.0511259   0.0522382 0.000160373
         394   0.0532129   0.0522407 0.000159985
         395   0.0458206   0.0522245 0.000160403
         396   0.0495135   0.0522176 0.000160144
         397   0.0533201   0.0522204 0.000159765
         398     0.06099   0.0522424 0.000160876
         399   0.0537315   0.0522462 0.000160516
         400   0.0515151   0.0522443 0.000160125
         401   0.0503311   0.0522396 0.000159797
         402    0.053688   0.0522432  0.00015944
         403   0.0541178   0.0522478 0.000159112
         404   0.0566882   0.0522588 0.000159098
         405    0.054223   0.0522637 0.000158779
         406   0.0468721   0.0522504 0.000158942
         407   0.0499581   0.0522448 0.000158651
         408   0.0548418   0.0522511  0.00015839
         409   0.0542003   0.0522559 0.000158074
         410   0.0477777    0.052245 0.000158066
         411   0.0544695   0.0522504 0.000157774
         412   0.0511318   0.0522477 0.000157414
         413   0.0573766   0.0522601 0.000157522
         414   0.0559846   0.0522691 0.000157398
         415   0.0526535     0.05227 0.000157022
         416   0.0483923   0.0522607 0.000156921
         417   0.0567951   0.0522716 0.000156921
         418    0.050124   0.0522664 0.000156629
         419   0.0526164   0.0522672 0.000156258
         420   0.0500372   0.0522619 0.000155976
         421   0.0523953   0.0522623 0.000155606
         422   0.0515172   0.0522605 0.000155247
         423   0.0582163   0.0522746 0.000155517
         424   0.0487468   0.0522663 0.000155373
         425   0.0508004   0.0522628 0.000155046
         426   0.0537162   0.0522662 0.000154719
         427   0.0574219   0.0522783 0.000154827
         428   0.0482504   0.0522689 0.000154751
         429    0.049828   0.0522632 0.000154495
         430   0.0594034   0.0522798 0.000155026
         431   0.0459651   0.0522651 0.000155357
         432   0.0463229   0.0522514 0.000155605
         433   0.0592558   0.0522676 0.000156084
         434   0.0513308   0.0522654 0.000155739
         435   0.0557169   0.0522733 0.000155583
         436   0.0573214   0.0522849 0.000155657
         437   0.0529656   0.0522865 0.000155308
         438   0.0476787    0.052276  0.00015531
         439   0.0509912    0.052273 0.000154983
         440   0.0540103    0.052277 0.000154681
         441   0.0547051   0.0522825 0.000154429
         442   0.0565284   0.0522921 0.000154378
         443   0.0545571   0.0522972 0.000154114
         444   0.0527515   0.0522982  0.00015377
         445   0.0494358   0.0522918 0.000153559
         446   0.0526928   0.0522927 0.000153217
         447   0.0439566    0.052274 0.000154005
         448   0.0497285   0.0522684 0.000153766
         449   0.0478712   0.0522586 0.000153735
         450   0.0491866   0.0522517 0.000153545
         451   0.0614785   0.0522722 0.000154562
         452   0.0509986   0.0522694 0.000154246
         453   0.0464572   0.0522566 0.000154438
         454   0.0485998   0.0522485 0.000154308
         455   0.0512752   0.0522464 0.000153983
         456   0.0504081   0.0522423 0.000153698
         457   0.0506995   0.0522389 0.000153399
         458   0.0482581   0.0522303  0.00015331
         459   0.0480916   0.0522212 0.000153241
         460   0.0567426   0.0522311 0.000153223
         461    0.052201    0.052231  0.00015289
         462   0.0516433   0.0522297 0.000152565
         463   0.0484438   0.0522216 0.000152454
         464   0.0546797   0.0522269 0.000152218
         465   0.0510794   0.0522244  0.00015191
         466   0.0491725   0.0522178 0.000151725
         467   0.0505366   0.0522142 0.000151443
         468   0.0528155   0.0522155 0.000151125
         469   0.0503884   0.0522116 0.000150853
         470   0.0508003   0.0522086 0.000150562
         471   0.0481322      0.0522 0.000150491
         472   0.0574669   0.0522111 0.000150585
         473   0.0507914   0.0522081 0.000150297
         474   0.0517556   0.0522072 0.000149983
         475   0.0595403   0.0522226 0.000150459
         476    0.050572   0.0522191 0.000150183
         477   0.0550665   0.0522251 0.000149987
         478   0.0521109   0.0522249 0.000149673
         479   0.0518469   0.0522241 0.000149363
         480   0.0446016   0.0522082 0.000149894
         481   0.0541363   0.0522122 0.000149636
         482   0.0513671   0.0522105 0.000149335
         483    0.049612   0.0522051 0.000149123
         484   0.0566821   0.0522143 0.000149102
         485   0.0497084   0.0522092 0.000148884
         486   0.0510348   0.0522067 0.000148597
         487   0.0510856   0.0522044  0.00014831
         488   0.0528829   0.0522058 0.000148012
         489    0.055679   0.0522129  0.00014788
         490   0.0561169   0.0522209 0.000147793
         491   0.0515347   0.0522195 0.000147498
         492   0.0528729   0.0522208 0.000147204
         493    0.048813   0.0522139 0.000147068
         494   0.0511488   0.0522118 0.000146786
         495   0.0544396   0.0522163 0.000146559
         496   0.0512755   0.0522144 0.000146275
         497   0.0500404     0.05221 0.000146046
         498   0.0509437   0.0522075 0.000145775
         499   0.0494418   0.0522019 0.000145588
         500    0.058769    0.052215 0.000145889
