#     BLOCK:   ACTUAL_T:     T_AVE:       ERROR:
           1         1.1         1.1           0
           2         1.1         1.1           0
           3         1.1         1.1           0
           4         1.1         1.1           0
           5         1.1         1.1           0
           6         1.1         1.1           0
           7         1.1         1.1           0
           8         1.1         1.1           0
           9         1.1         1.1           0
          10         1.1         1.1 4.71216e-09
          11         1.1         1.1 4.49287e-09
          12         1.1         1.1 4.30159e-09
          13         1.1         1.1 4.13284e-09
          14         1.1         1.1  3.9825e-09
          15         1.1         1.1 3.84746e-09
          16         1.1         1.1 3.72529e-09
          17         1.1         1.1 3.61406e-09
          18         1.1         1.1 3.51224e-09
          19         1.1         1.1 3.41856e-09
          20         1.1         1.1   3.332e-09
          21         1.1         1.1  3.2517e-09
          22         1.1         1.1 4.49287e-09
          23         1.1         1.1 4.39411e-09
          24         1.1         1.1 4.30159e-09
          25         1.1         1.1 4.21468e-09
          26         1.1         1.1 4.13284e-09
          27         1.1         1.1 2.86773e-09
          28         1.1         1.1 2.81605e-09
          29         1.1         1.1           0
          30         1.1         1.1           0
          31         1.1         1.1 2.67633e-09
          32         1.1         1.1 2.63418e-09
          33         1.1         1.1 2.59396e-09
          34         1.1         1.1 3.61406e-09
          35         1.1         1.1 3.56206e-09
          36         1.1         1.1 3.51224e-09
          37         1.1         1.1 4.24307e-09
          38         1.1         1.1 4.18686e-09
          39         1.1         1.1 4.13284e-09
          40         1.1         1.1 4.08085e-09
          41         1.1         1.1 4.65434e-09
          42         1.1         1.1  4.5986e-09
          43         1.1         1.1 4.54481e-09
          44         1.1         1.1 4.49287e-09
          45         1.1         1.1 4.44267e-09
          46         1.1         1.1 4.91277e-09
          47         1.1         1.1 4.86022e-09
          48         1.1         1.1 4.80933e-09
          49         1.1         1.1    4.76e-09
          50         1.1         1.1 4.71216e-09
          51         1.1         1.1 4.66573e-09
          52         1.1         1.1 5.06167e-09
          53         1.1         1.1 5.01369e-09
          54         1.1         1.1 4.96705e-09
          55         1.1         1.1 4.92169e-09
          56         1.1         1.1 4.87755e-09
          57         1.1         1.1 4.83458e-09
          58         1.1         1.1 4.79272e-09
          59         1.1         1.1 4.75193e-09
          60         1.1         1.1 5.08972e-09
          61         1.1         1.1 5.04782e-09
          62         1.1         1.1 5.00695e-09
          63         1.1         1.1 4.96705e-09
          64         1.1         1.1  4.9281e-09
          65         1.1         1.1 4.89004e-09
          66         1.1         1.1 4.85285e-09
          67         1.1         1.1  4.8165e-09
          68         1.1         1.1 4.78096e-09
          69         1.1         1.1 4.74618e-09
          70         1.1         1.1 5.03751e-09
          71         1.1         1.1 5.00191e-09
          72         1.1         1.1 4.96705e-09
          73         1.1         1.1 4.93292e-09
          74         1.1         1.1 4.89947e-09
          75         1.1         1.1  4.8667e-09
          76         1.1         1.1 4.83458e-09
          77         1.1         1.1 4.80308e-09
          78         1.1         1.1 4.77219e-09
          79         1.1         1.1 4.74189e-09
          80         1.1         1.1 4.71216e-09
          81         1.1         1.1 4.68298e-09
          82         1.1         1.1 4.65434e-09
          83         1.1         1.1 4.62622e-09
          84         1.1         1.1  4.5986e-09
          85         1.1         1.1 4.57147e-09
          86         1.1         1.1  4.8205e-09
          87         1.1         1.1 4.79272e-09
          88         1.1         1.1 4.76541e-09
          89         1.1         1.1 4.73856e-09
          90         1.1         1.1 4.71216e-09
          91         1.1         1.1  4.6862e-09
          92         1.1         1.1 4.66066e-09
          93         1.1         1.1 4.63554e-09
          94         1.1         1.1 4.61081e-09
          95         1.1         1.1 4.58648e-09
          96         1.1         1.1 4.56253e-09
          97         1.1         1.1 4.53895e-09
          98         1.1         1.1 4.51573e-09
          99         1.1         1.1 4.49287e-09
         100         1.1         1.1 4.47035e-09
         101         1.1         1.1 4.44816e-09
         102         1.1         1.1  4.4263e-09
         103         1.1         1.1 4.40477e-09
         104         1.1         1.1 4.38354e-09
         105         1.1         1.1 4.36261e-09
         106         1.1         1.1 4.34199e-09
         107         1.1         1.1 4.32165e-09
         108         1.1         1.1 4.05558e-09
         109         1.1         1.1 4.03694e-09
         110         1.1         1.1   3.759e-09
         111         1.1         1.1 3.74203e-09
         112         1.1         1.1 3.44895e-09
         113         1.1         1.1 3.43365e-09
         114         1.1         1.1  3.1207e-09
         115         1.1         1.1 3.10711e-09
         116         1.1         1.1 2.76708e-09
         117         1.1         1.1 2.75523e-09
         118         1.1         1.1 2.37596e-09
         119         1.1         1.1 1.36599e-09
         120         1.1         1.1           0
         121         1.1         1.1 1.91577e-09
         122         1.1         1.1 2.33669e-09
         123         1.1         1.1 3.00436e-09
         124         1.1         1.1 2.99223e-09
         125         1.1         1.1  3.9984e-09
         126         1.1         1.1  3.9825e-09
         127         1.1         1.1 4.58046e-09
         128         1.1         1.1 4.56253e-09
         129         1.1         1.1 4.54481e-09
         130         1.1         1.1 5.06167e-09
         131         1.1         1.1 5.04232e-09
         132         1.1         1.1 5.50262e-09
         133         1.1         1.1 5.48189e-09
         134         1.1         1.1 5.75682e-09
         135         1.1         1.1  5.8771e-09
         136         1.1         1.1 5.85545e-09
         137         1.1         1.1 6.23685e-09
         138         1.1         1.1 6.34236e-09
         139         1.1         1.1 6.56742e-09
         140         1.1         1.1 6.54392e-09
         141         1.1         1.1 6.64033e-09
         142         1.1         1.1 6.84915e-09
         143         1.1         1.1 6.82516e-09
         144         1.1         1.1 6.91385e-09
         145         1.1         1.1 7.10875e-09
         146         1.1         1.1 7.08436e-09
         147         1.1         1.1 7.06022e-09
         148         1.1         1.1 7.34921e-09
         149         1.1         1.1  7.3245e-09
         150         1.1         1.1 7.59813e-09
         151         1.1         1.1  7.6694e-09
         152         1.1         1.1 7.64413e-09
         153         1.1         1.1 7.61911e-09
         154         1.1         1.1 7.78188e-09
         155         1.1         1.1 7.84853e-09
         156         1.1         1.1 7.82334e-09
         157         1.1         1.1 7.97768e-09
         158         1.1         1.1 7.95239e-09
         159         1.1         1.1 8.01494e-09
         160         1.1         1.1  8.1617e-09
         161         1.1         1.1 8.13632e-09
         162         1.1         1.1 8.11116e-09
         163         1.1         1.1 8.17004e-09
         164         1.1         1.1 8.30966e-09
         165         1.1         1.1 8.28444e-09
         166         1.1         1.1 8.25945e-09
         167         1.1         1.1 8.55152e-09
         168         1.1         1.1 8.52603e-09
         169         1.1         1.1 8.50077e-09
         170         1.1         1.1 8.47573e-09
         171         1.1         1.1 8.67833e-09
         172         1.1         1.1 8.65306e-09
         173         1.1         1.1 8.62802e-09
         174         1.1         1.1 8.60319e-09
         175         1.1         1.1 8.72523e-09
         176         1.1         1.1 8.77261e-09
         177         1.1         1.1 8.74779e-09
         178         1.1         1.1 8.72318e-09
         179         1.1         1.1 8.84024e-09
         180         1.1         1.1 8.81565e-09
         181         1.1         1.1 8.86076e-09
         182         1.1         1.1 8.83638e-09
         183         1.1         1.1  8.8122e-09
         184         1.1         1.1 8.92449e-09
         185         1.1         1.1 8.90033e-09
         186         1.1         1.1 8.94337e-09
         187         1.1         1.1 8.91942e-09
         188         1.1         1.1 9.09264e-09
         189         1.1         1.1 9.06856e-09
         190         1.1         1.1 9.04466e-09
         191         1.1         1.1 9.02095e-09
         192         1.1         1.1 9.06147e-09
         193         1.1         1.1 9.16438e-09
         194         1.1         1.1 9.14073e-09
         195         1.1         1.1 9.11726e-09
         196         1.1         1.1 9.09397e-09
         197         1.1         1.1 9.13278e-09
         198         1.1         1.1 9.23197e-09
         199         1.1         1.1 9.20874e-09
         200         1.1         1.1 9.18569e-09
         201         1.1         1.1 9.16281e-09
         202         1.1         1.1 9.14011e-09
         203         1.1         1.1 9.11757e-09
         204         1.1         1.1 9.27296e-09
         205         1.1         1.1 9.25032e-09
         206         1.1         1.1 9.22784e-09
         207         1.1         1.1 9.20552e-09
         208         1.1         1.1 9.18337e-09
         209         1.1         1.1 9.16137e-09
         210         1.1         1.1 9.31145e-09
         211         1.1         1.1 9.28936e-09
         212         1.1         1.1 9.26743e-09
         213         1.1         1.1  9.1891e-09
         214         1.1         1.1  9.1676e-09
         215         1.1         1.1 9.08962e-09
         216         1.1         1.1 9.23703e-09
         217         1.1         1.1 9.21572e-09
         218         1.1         1.1   9.139e-09
         219         1.1         1.1 9.11811e-09
         220         1.1         1.1 9.04172e-09
         221         1.1         1.1 9.02125e-09
         222         1.1         1.1 9.05629e-09
         223         1.1         1.1 9.03597e-09
         224         1.1         1.1 9.01577e-09
         225         1.1         1.1  8.9407e-09
         226         1.1         1.1 8.92089e-09
         227         1.1         1.1 8.84611e-09
         228         1.1         1.1 8.82669e-09
         229         1.1         1.1 8.91681e-09
         230         1.1         1.1 8.84298e-09
         231         1.1         1.1 8.82382e-09
         232         1.1         1.1 8.75026e-09
         233         1.1         1.1 8.73147e-09
         234         1.1         1.1 8.71279e-09
         235         1.1         1.1 8.63972e-09
         236         1.1         1.1 8.72985e-09
         237         1.1         1.1 8.65747e-09
         238         1.1         1.1 8.63926e-09
         239         1.1         1.1 8.62117e-09
         240         1.1         1.1 8.54925e-09
         241         1.1         1.1 8.53149e-09
         242         1.1         1.1 8.51385e-09
         243         1.1         1.1 8.44237e-09
         244         1.1         1.1 8.53238e-09
         245         1.1         1.1 8.51495e-09
         246         1.1         1.1 8.44435e-09
         247         1.1         1.1 8.42724e-09
         248         1.1         1.1 8.41023e-09
         249         1.1         1.1 8.34003e-09
         250         1.1         1.1 8.32334e-09
         251         1.1         1.1 8.30674e-09
         252         1.1         1.1 8.39585e-09
         253         1.1         1.1 8.37924e-09
         254         1.1         1.1 8.36273e-09
         255         1.1         1.1 8.29399e-09
         256         1.1         1.1 8.27778e-09
         257         1.1         1.1 8.26166e-09
         258         1.1         1.1 8.19328e-09
         259         1.1         1.1 8.17744e-09
         260         1.1         1.1  8.1617e-09
         261         1.1         1.1  8.1981e-09
         262         1.1         1.1 8.18244e-09
         263         1.1         1.1 8.16687e-09
         264         1.1         1.1 8.15139e-09
         265         1.1         1.1 8.08434e-09
         266         1.1         1.1 8.06913e-09
         267         1.1         1.1   8.054e-09
         268         1.1         1.1 7.98726e-09
         269         1.1         1.1  7.9724e-09
         270         1.1         1.1 8.06031e-09
         271         1.1         1.1 8.04543e-09
         272         1.1         1.1 7.97963e-09
         273         1.1         1.1 7.96501e-09
         274         1.1         1.1 7.95046e-09
         275         1.1         1.1 7.88495e-09
         276         1.1         1.1 7.87066e-09
         277         1.1         1.1 7.85644e-09
         278         1.1         1.1 7.84229e-09
         279         1.1         1.1 7.77723e-09
         280         1.1         1.1 7.76333e-09
         281         1.1         1.1 7.85081e-09
         282         1.1         1.1 7.83687e-09
         283         1.1         1.1 7.77271e-09
         284         1.1         1.1 7.75901e-09
         285         1.1         1.1 7.74539e-09
         286         1.1         1.1 7.73183e-09
         287         1.1         1.1 7.66807e-09
         288         1.1         1.1 7.65474e-09
         289         1.1         1.1 7.64149e-09
         290         1.1         1.1  7.6283e-09
         291         1.1         1.1 7.56492e-09
         292         1.1         1.1 7.65198e-09
         293         1.1         1.1 7.63891e-09
         294         1.1         1.1 7.62591e-09
         295         1.1         1.1 7.56338e-09
         296         1.1         1.1 7.55059e-09
         297         1.1         1.1 7.53787e-09
         298         1.1         1.1 7.52521e-09
         299         1.1         1.1 7.46303e-09
         300         1.1         1.1 7.45058e-09
         301         1.1         1.1 7.43819e-09
         302         1.1         1.1 7.42587e-09
         303         1.1         1.1 7.36401e-09
         304         1.1         1.1 7.49944e-09
         305         1.1         1.1 7.48713e-09
         306         1.1         1.1 7.47489e-09
         307         1.1         1.1 7.46271e-09
         308         1.1         1.1 7.40204e-09
         309         1.1         1.1 7.39005e-09
         310         1.1         1.1 7.37813e-09
         311         1.1         1.1 7.36625e-09
         312         1.1         1.1  7.3059e-09
         313         1.1         1.1 7.29422e-09
         314         1.1         1.1 7.28259e-09
         315         1.1         1.1 7.27102e-09
         316         1.1         1.1 7.35566e-09
         317         1.1         1.1 7.29621e-09
         318         1.1         1.1 7.28473e-09
         319         1.1         1.1  7.2733e-09
         320         1.1         1.1 7.26193e-09
         321         1.1         1.1 7.25061e-09
         322         1.1         1.1 7.19156e-09
         323         1.1         1.1 7.18041e-09
         324         1.1         1.1 7.16932e-09
         325         1.1         1.1 7.15829e-09
         326         1.1         1.1  7.1473e-09
         327         1.1         1.1 7.08863e-09
         328         1.1         1.1 7.07781e-09
         329         1.1         1.1 7.06705e-09
         330         1.1         1.1 7.15105e-09
         331         1.1         1.1 7.14024e-09
         332         1.1         1.1 7.08242e-09
         333         1.1         1.1 7.07178e-09
         334         1.1         1.1 7.06118e-09
         335         1.1         1.1 7.05064e-09
         336         1.1         1.1 7.04014e-09
         337         1.1         1.1 7.02968e-09
         338         1.1         1.1 6.97232e-09
         339         1.1         1.1 6.96203e-09
         340         1.1         1.1 6.95179e-09
         341         1.1         1.1 6.94159e-09
         342         1.1         1.1 6.93143e-09
         343         1.1         1.1 6.87439e-09
         344         1.1         1.1  6.8644e-09
         345         1.1         1.1 6.85444e-09
         346         1.1         1.1 6.93765e-09
         347         1.1         1.1 6.92765e-09
         348         1.1         1.1 6.91769e-09
         349         1.1         1.1 6.86157e-09
         350         1.1         1.1 6.85176e-09
         351         1.1         1.1 6.84199e-09
         352         1.1         1.1 6.83226e-09
         353         1.1         1.1 6.82258e-09
         354         1.1         1.1 6.81294e-09
         355         1.1         1.1 6.75721e-09
         356         1.1         1.1 6.74771e-09
         357         1.1         1.1 6.73825e-09
         358         1.1         1.1 6.72884e-09
         359         1.1         1.1 6.71946e-09
         360         1.1         1.1 6.71012e-09
         361         1.1         1.1 6.65477e-09
         362         1.1         1.1 6.64557e-09
         363         1.1         1.1 6.72795e-09
         364         1.1         1.1  6.7187e-09
         365         1.1         1.1 6.70949e-09
         366         1.1         1.1 6.70032e-09
         367         1.1         1.1 6.69118e-09
         368         1.1         1.1 6.63678e-09
         369         1.1         1.1 6.62778e-09
         370         1.1         1.1 6.61882e-09
         371         1.1         1.1  6.6099e-09
         372         1.1         1.1 6.60101e-09
         373         1.1         1.1 6.59215e-09
         374         1.1         1.1 6.53808e-09
         375         1.1         1.1 6.52936e-09
         376         1.1         1.1 6.52067e-09
         377         1.1         1.1 6.51202e-09
         378         1.1         1.1  6.5034e-09
         379         1.1         1.1 6.49481e-09
         380         1.1         1.1 6.48626e-09
         381         1.1         1.1  6.5671e-09
         382         1.1         1.1  6.5585e-09
         383         1.1         1.1 6.54993e-09
         384         1.1         1.1 6.54139e-09
         385         1.1         1.1 6.53289e-09
         386         1.1         1.1 6.52443e-09
         387         1.1         1.1 6.51599e-09
         388         1.1         1.1 6.46347e-09
         389         1.1         1.1 6.45516e-09
         390         1.1         1.1 6.44687e-09
         391         1.1         1.1 6.43863e-09
         392         1.1         1.1 6.43041e-09
         393         1.1         1.1 6.42222e-09
         394         1.1         1.1 6.41407e-09
         395         1.1         1.1 6.36191e-09
         396         1.1         1.1 6.35388e-09
         397         1.1         1.1 6.34587e-09
         398         1.1         1.1 6.33789e-09
         399         1.1         1.1 6.32994e-09
         400         1.1         1.1 6.32203e-09
         401         1.1         1.1 6.31414e-09
         402         1.1         1.1 6.39327e-09
         403         1.1         1.1 6.34204e-09
         404         1.1         1.1 6.33419e-09
         405         1.1         1.1 6.32636e-09
         406         1.1         1.1 6.31857e-09
         407         1.1         1.1  6.3108e-09
         408         1.1         1.1 6.30306e-09
         409         1.1         1.1 6.29535e-09
         410         1.1         1.1 6.28767e-09
         411         1.1         1.1 6.23685e-09
         412         1.1         1.1 6.22928e-09
         413         1.1         1.1 6.22173e-09
         414         1.1         1.1 6.21421e-09
         415         1.1         1.1 6.20672e-09
         416         1.1         1.1 6.19926e-09
         417         1.1         1.1 6.19182e-09
         418         1.1         1.1 6.18441e-09
         419         1.1         1.1 6.13398e-09
         420         1.1         1.1 6.12667e-09
         421         1.1         1.1 6.11939e-09
         422         1.1         1.1 6.11214e-09
         423         1.1         1.1 6.10491e-09
         424         1.1         1.1  6.1405e-09
         425         1.1         1.1 6.17571e-09
         426         1.1         1.1 6.16846e-09
         427         1.1         1.1 6.16123e-09
         428         1.1         1.1 6.15403e-09
         429         1.1         1.1 6.14685e-09
         430         1.1         1.1  6.1397e-09
         431         1.1         1.1 6.13258e-09
         432         1.1         1.1 6.12547e-09
         433         1.1         1.1 6.07634e-09
         434         1.1         1.1 6.06934e-09
         435         1.1         1.1 6.06236e-09
         436         1.1         1.1  6.0554e-09
         437         1.1         1.1 6.04847e-09
         438         1.1         1.1 6.04156e-09
         439         1.1         1.1 6.03468e-09
         440         1.1         1.1 6.02782e-09
         441         1.1         1.1 6.02098e-09
         442         1.1         1.1 5.97225e-09
         443         1.1         1.1 5.96551e-09
         444         1.1         1.1 5.95879e-09
         445         1.1         1.1 5.95209e-09
         446         1.1         1.1 5.94541e-09
         447         1.1         1.1 5.93876e-09
         448         1.1         1.1 5.93212e-09
         449         1.1         1.1 5.92552e-09
         450         1.1         1.1 6.00171e-09
         451         1.1         1.1 5.99506e-09
         452         1.1         1.1 5.94726e-09
         453         1.1         1.1  5.9407e-09
         454         1.1         1.1 5.93415e-09
         455         1.1         1.1 5.92762e-09
         456         1.1         1.1 5.92112e-09
         457         1.1         1.1 5.91464e-09
         458         1.1         1.1 5.90818e-09
         459         1.1         1.1 5.90174e-09
         460         1.1         1.1 5.89532e-09
         461         1.1         1.1 5.88892e-09
         462         1.1         1.1 5.84155e-09
         463         1.1         1.1 5.83524e-09
         464         1.1         1.1 5.82895e-09
         465         1.1         1.1 5.82268e-09
         466         1.1         1.1 5.81643e-09
         467         1.1         1.1  5.8102e-09
         468         1.1         1.1 5.80399e-09
         469         1.1         1.1  5.7978e-09
         470         1.1         1.1 5.79162e-09
         471         1.1         1.1 5.78547e-09
         472         1.1         1.1  5.7385e-09
         473         1.1         1.1 5.73243e-09
         474         1.1         1.1 5.72638e-09
         475         1.1         1.1 5.72035e-09
         476         1.1         1.1 5.71433e-09
         477         1.1         1.1 5.70834e-09
         478         1.1         1.1 5.70237e-09
         479         1.1         1.1 5.69641e-09
         480         1.1         1.1 5.69047e-09
         481         1.1         1.1 5.68456e-09
         482         1.1         1.1 5.67866e-09
         483         1.1         1.1 5.63211e-09
         484         1.1         1.1 5.62629e-09
         485         1.1         1.1 5.62048e-09
         486         1.1         1.1  5.6147e-09
         487         1.1         1.1 5.60893e-09
         488         1.1         1.1 5.60318e-09
         489         1.1         1.1 5.59745e-09
         490         1.1         1.1 5.59174e-09
         491         1.1         1.1 5.58604e-09
         492         1.1         1.1 5.58036e-09
         493         1.1         1.1  5.5747e-09
         494         1.1         1.1 5.52855e-09
         495         1.1         1.1 5.52296e-09
         496         1.1         1.1 5.59794e-09
         497         1.1         1.1 5.59231e-09
         498         1.1         1.1 5.58669e-09
         499         1.1         1.1 5.58109e-09
         500         1.1         1.1  5.5755e-09
