#     BLOCK:   ACTUAL_TE:    TE_AVE:      ERROR:
           1    -135.639    -135.639           0
           2    -134.275    -134.957    0.482107
           3    -134.142    -134.685    0.390632
           4    -134.248    -134.576    0.307907
           5    -133.177    -134.296    0.351115
           6    -134.633    -134.352    0.297044
           7     -133.89    -134.286    0.261849
           8    -134.875     -134.36    0.239245
           9    -134.526    -134.378    0.213376
          10    -134.623    -134.403     0.19343
          11      -134.6    -134.421    0.176672
          12    -133.747    -134.365    0.170634
          13    -135.156    -134.425    0.168009
          14    -134.791    -134.452    0.158024
          15    -133.778    -134.407    0.153731
          16    -134.719    -134.426    0.145356
          17    -133.889    -134.395    0.140203
          18    -134.062    -134.376    0.133623
          19    -134.488    -134.382     0.12672
          20    -134.492    -134.388    0.120504
          21    -133.989    -134.369     0.11625
          22    -134.374    -134.369    0.110966
          23    -134.228    -134.363     0.10631
          24    -133.944    -134.345    0.103305
          25    -134.806    -134.364    0.100807
          26    -134.716    -134.377   0.0978344
          27    -133.739    -134.354   0.0970213
          28    -134.576    -134.362   0.0938818
          29    -134.083    -134.352   0.0911359
          30    -134.414    -134.354   0.0881213
          31    -134.329    -134.353   0.0852824
          32    -134.621    -134.362   0.0830256
          33    -133.905    -134.348    0.081654
          34    -135.252    -134.374    0.083473
          35    -134.975    -134.391   0.0828325
          36    -134.446    -134.393   0.0805455
          37    -134.484    -134.395   0.0784061
          38    -134.866    -134.408   0.0773133
          39    -134.657    -134.414   0.0755936
          40    -134.655     -134.42   0.0739434
          41    -134.435    -134.421   0.0721409
          42    -134.746    -134.428   0.0708374
          43    -134.494     -134.43   0.0692066
          44    -134.058    -134.421   0.0681491
          45    -134.587    -134.425   0.0667345
          46    -133.973    -134.415   0.0660041
          47    -135.351    -134.435   0.0675334
          48    -134.042    -134.427   0.0666217
          49    -134.519    -134.429   0.0652883
          50     -134.91    -134.438   0.0646886
          51    -133.594    -134.422    0.065503
          52    -134.687    -134.427   0.0644415
          53    -134.753    -134.433   0.0635178
          54    -135.308    -134.449   0.0643768
          55    -133.972    -134.441   0.0637896
          56    -134.912    -134.449   0.0632039
          57    -134.848    -134.456   0.0624816
          58    -133.917    -134.447   0.0620916
          59    -133.961    -134.439   0.0615823
          60    -133.922     -134.43   0.0611538
          61    -134.282    -134.428   0.0601993
          62    -135.176     -134.44    0.060428
          63    -134.876    -134.447   0.0598643
          64    -135.163    -134.458   0.0599664
          65    -133.681    -134.446    0.060222
          66    -134.239    -134.443   0.0593909
          67    -134.421    -134.442   0.0585054
          68    -134.661    -134.446   0.0577332
          69    -134.337    -134.444   0.0569181
          70    -134.004    -134.438   0.0564515
          71    -134.476    -134.438    0.055659
          72    -134.429    -134.438   0.0548861
          73    -134.508    -134.439   0.0541426
          74    -134.436    -134.439   0.0534109
          75    -134.515     -134.44   0.0527085
          76      -134.4     -134.44   0.0520176
          77    -134.282    -134.437   0.0513824
          78    -134.846    -134.443   0.0509902
          79    -134.381    -134.442   0.0503508
          80    -134.996    -134.449   0.0501964
          81    -133.725     -134.44   0.0503658
          82    -134.667    -134.443   0.0498274
          83    -134.207     -134.44   0.0493076
          84     -133.77    -134.432   0.0493615
          85    -133.616    -134.422   0.0497044
          86    -135.027    -134.429    0.049621
          87    -133.764    -134.422   0.0496361
          88     -134.05    -134.417   0.0492513
          89    -133.999    -134.413    0.048922
          90    -134.685    -134.416   0.0484721
          91     -133.88     -134.41   0.0482952
          92    -135.119    -134.418   0.0483821
          93    -134.005    -134.413    0.048065
          94    -133.384    -134.402    0.048785
          95    -134.312    -134.401   0.0482807
          96     -135.06    -134.408   0.0482636
          97    -134.431    -134.408   0.0477667
          98    -134.371    -134.408   0.0472808
          99    -133.435    -134.398   0.0478136
         100    -134.277    -134.397   0.0473509
         101    -134.607    -134.399   0.0469276
         102    -133.883    -134.394   0.0467398
         103    -134.445    -134.394   0.0462886
         104    -133.856    -134.389   0.0461321
         105     -133.72    -134.383   0.0461313
         106    -133.885    -134.378   0.0459351
         107    -134.769    -134.382   0.0456505
         108    -133.514    -134.374   0.0459298
         109    -133.681    -134.367   0.0459466
         110    -134.415    -134.368   0.0455309
         111    -134.048    -134.365    0.045212
         112    -134.003    -134.362   0.0449236
         113    -133.661    -134.356    0.044952
         114    -134.459    -134.356   0.0445668
         115    -134.329    -134.356   0.0441799
         116    -133.702    -134.351   0.0441578
         117     -134.68    -134.353     0.04387
         118    -134.802    -134.357   0.0436628
         119    -133.949    -134.354   0.0434304
         120    -133.902     -134.35   0.0432314
         121     -134.49    -134.351   0.0428897
         122    -134.156     -134.35   0.0425679
         123    -133.647    -134.344   0.0426035
         124    -133.598    -134.338    0.042682
         125     -134.16    -134.336   0.0423643
         126    -135.168    -134.343   0.0425393
         127    -135.291     -134.35   0.0428538
         128    -134.141    -134.349   0.0425503
         129    -134.171    -134.347   0.0422429
         130    -133.863    -134.344    0.042082
         131    -134.654    -134.346   0.0418275
         132    -134.339    -134.346   0.0415107
         133    -134.558    -134.348    0.041229
         134    -135.104    -134.353   0.0413055
         135    -134.432    -134.354   0.0410036
         136    -133.591    -134.348   0.0410839
         137    -134.225    -134.347   0.0407939
         138    -134.341    -134.347   0.0404983
         139    -134.671     -134.35   0.0402738
         140    -133.731    -134.345   0.0402276
         141    -134.243    -134.344   0.0399489
         142    -134.318    -134.344    0.039668
         143    -134.339    -134.344   0.0393906
         144     -134.39    -134.345   0.0391183
         145    -133.619     -134.34   0.0391669
         146    -134.067    -134.338    0.038943
         147    -134.607     -134.34   0.0387212
         148    -135.125    -134.345   0.0388214
         149    -134.238    -134.344   0.0385676
         150    -134.747    -134.347    0.038404
         151    -134.862     -134.35   0.0383009
         152     -134.73    -134.353   0.0381305
         153    -134.412    -134.353   0.0378833
         154    -134.592    -134.355    0.037669
         155    -134.201    -134.354   0.0374391
         156     -134.52    -134.355   0.0372142
         157    -134.111    -134.353   0.0370094
         158    -134.536    -134.354   0.0367933
         159    -134.107    -134.353   0.0365947
         160    -134.777    -134.355    0.036462
         161    -134.608    -134.357   0.0362693
         162    -134.003    -134.355   0.0361112
         163    -133.664    -134.351   0.0361376
         164    -134.649    -134.352   0.0359629
         165    -134.465    -134.353   0.0357514
         166    -134.418    -134.353   0.0355382
         167     -134.99    -134.357   0.0355289
         168    -135.006    -134.361   0.0355269
         169    -134.188     -134.36   0.0353315
         170    -134.122    -134.359   0.0351515
         171    -134.377    -134.359   0.0349461
         172     -134.85    -134.362   0.0348595
         173    -133.745    -134.358     0.03484
         174    -135.081    -134.362   0.0348867
         175    -134.069    -134.361   0.0347276
         176    -134.301     -134.36   0.0345319
         177    -133.183    -134.354   0.0349716
         178    -134.325    -134.353   0.0347755
         179    -134.318    -134.353   0.0345818
         180    -134.176    -134.352   0.0344037
         181    -135.365    -134.358   0.0346657
         182    -135.039    -134.362   0.0346765
         183    -134.028     -134.36    0.034535
         184    -133.826    -134.357   0.0344691
         185    -134.388    -134.357   0.0342832
         186    -134.574    -134.358   0.0341187
         187    -133.995    -134.356   0.0339915
         188    -134.224    -134.356    0.033818
         189    -134.732    -134.358   0.0336976
         190    -133.957    -134.355   0.0335861
         191    -133.823    -134.353   0.0335257
         192    -134.557    -134.354    0.033368
         193    -134.509    -134.355   0.0332048
         194    -134.584    -134.356   0.0330547
         195    -134.068    -134.354    0.032918
         196    -134.321    -134.354   0.0327505
         197    -134.087    -134.353   0.0326123
         198    -133.265    -134.347   0.0329069
         199    -134.751    -134.349   0.0328039
         200    -134.503     -134.35   0.0326488
         201     -134.57    -134.351   0.0325047
         202    -134.903    -134.354   0.0324582
         203     -133.49     -134.35   0.0325764
         204    -133.435    -134.345   0.0327239
         205    -134.564    -134.346   0.0325817
         206    -133.802    -134.344   0.0325306
         207    -134.145    -134.343   0.0323876
         208    -134.045    -134.341   0.0322635
         209    -134.411    -134.341   0.0321109
         210     -133.57    -134.338   0.0321676
         211    -134.387    -134.338    0.032016
         212    -134.395    -134.338   0.0318661
         213    -134.153    -134.337   0.0317284
         214      -134.2    -134.337   0.0315866
         215    -134.035    -134.335   0.0314708
         216    -134.012    -134.334   0.0313608
         217    -134.333    -134.334   0.0312162
         218    -134.059    -134.333   0.0310986
         219    -133.702     -134.33   0.0310897
         220    -134.613    -134.331   0.0309751
         221    -134.405    -134.331   0.0308367
         222    -134.751    -134.333   0.0307557
         223     -133.46    -134.329   0.0308664
         224    -133.957    -134.328   0.0307732
         225    -134.045    -134.326   0.0306621
         226    -133.904    -134.325   0.0305835
         227    -133.401     -134.32   0.0307182
         228    -134.538    -134.321   0.0305982
         229    -134.009     -134.32   0.0304951
         230    -133.652    -134.317   0.0305005
         231    -134.621    -134.318   0.0303968
         232    -135.097    -134.322   0.0304504
         233     -133.97     -134.32   0.0303572
         234    -134.376    -134.321   0.0302284
         235    -134.793    -134.323   0.0301667
         236    -134.382    -134.323   0.0300399
         237    -134.201    -134.322   0.0299175
         238    -134.635    -134.324   0.0298207
         239    -134.054    -134.322   0.0297172
         240    -134.188    -134.322   0.0295986
         241    -135.149    -134.325   0.0296742
         242    -134.207    -134.325   0.0295556
         243    -134.397    -134.325   0.0294355
         244    -134.485    -134.326   0.0293221
         245    -133.687    -134.323   0.0293182
         246    -133.502     -134.32   0.0293884
         247    -133.966    -134.318   0.0293042
         248    -134.393    -134.319   0.0291876
         249    -134.558     -134.32   0.0290861
         250    -134.256    -134.319   0.0289709
         251    -133.874    -134.318   0.0289097
         252    -133.825    -134.316   0.0288609
         253    -134.851    -134.318   0.0288242
         254    -134.252    -134.318   0.0287119
         255    -135.277    -134.321   0.0288447
         256    -134.283    -134.321   0.0287324
         257    -135.015    -134.324    0.028747
         258    -134.636    -134.325   0.0286609
         259    -135.303    -134.329   0.0287977
         260    -134.677     -134.33   0.0287181
         261    -134.139    -134.329   0.0286174
         262    -134.566     -134.33   0.0285224
         263     -133.93    -134.329   0.0284546
         264    -134.822    -134.331   0.0284079
         265    -134.572    -134.332   0.0283153
         266    -134.383    -134.332   0.0282095
         267    -134.325    -134.332   0.0281038
         268    -134.024    -134.331   0.0280225
         269    -134.978    -134.333   0.0280214
         270    -134.841    -134.335   0.0279806
         271    -134.121    -134.334   0.0278885
         272    -133.984    -134.333   0.0278157
         273    -134.752    -134.334   0.0277561
         274    -134.617    -134.335   0.0276739
         275    -134.724    -134.337   0.0276094
         276    -133.763    -134.335   0.0275875
         277    -134.368    -134.335   0.0274881
         278    -134.778    -134.336   0.0274354
         279    -133.609    -134.334   0.0274606
         280    -134.334    -134.334   0.0273625
         281    -133.916    -134.332   0.0273056
         282    -134.259    -134.332     0.02721
         283    -133.917    -134.331   0.0271533
         284    -134.968    -134.333   0.0271504
         285    -134.944    -134.335   0.0271396
         286    -134.595    -134.336   0.0270599
         287    -133.916    -134.334   0.0270051
         288    -134.136    -134.334   0.0269201
         289    -134.685    -134.335   0.0268543
         290    -133.693    -134.333   0.0268529
         291    -134.175    -134.332   0.0267661
         292    -134.437    -134.333   0.0266769
         293    -134.266    -134.332   0.0265868
         294     -134.24    -134.332   0.0264982
         295    -134.473    -134.333   0.0264127
         296    -134.649    -134.334   0.0263451
         297    -134.027    -134.333   0.0262767
         298    -133.462     -134.33   0.0263505
         299    -134.156    -134.329   0.0262688
         300    -133.501    -134.326   0.0263258
         301    -133.449    -134.323   0.0263993
         302    -133.666    -134.321   0.0264015
         303    -134.203    -134.321   0.0263173
         304    -134.652    -134.322   0.0262532
         305    -134.767    -134.323   0.0262076
         306    -133.979    -134.322   0.0261461
         307    -134.537    -134.323   0.0260703
         308    -134.449    -134.323   0.0259889
         309    -133.602    -134.321   0.0260094
         310    -134.372    -134.321   0.0259261
         311    -133.622    -134.319   0.0259399
         312    -134.344    -134.319   0.0258569
         313    -134.359    -134.319   0.0257746
         314    -134.758    -134.321   0.0257303
         315    -134.109     -134.32   0.0256574
         316    -134.192    -134.319   0.0255794
         317    -134.241    -134.319   0.0254999
         318    -133.842    -134.318   0.0254638
         319    -134.537    -134.318   0.0253932
         320    -133.685    -134.316    0.025391
         321    -134.045    -134.316    0.025326
         322     -134.45    -134.316   0.0252508
         323    -134.304    -134.316   0.0251726
         324    -134.941    -134.318   0.0251687
         325    -134.538    -134.319   0.0251004
         326     -135.15    -134.321   0.0251527
         327    -134.443    -134.321   0.0250786
         328     -134.39    -134.322    0.025003
         329    -134.246    -134.321   0.0249281
         330    -133.562    -134.319   0.0249585
         331    -135.532    -134.323   0.0251504
         332    -134.544    -134.324   0.0250835
         333    -134.585    -134.324   0.0250205
         334    -134.166    -134.324     0.02495
         335    -134.931    -134.326   0.0249413
         336    -134.267    -134.325   0.0248677
         337    -133.894    -134.324   0.0248269
         338    -134.133    -134.324   0.0247599
         339    -134.699    -134.325   0.0247117
         340    -134.403    -134.325   0.0246401
         341    -134.363    -134.325   0.0245681
         342    -134.176    -134.325   0.0245001
         343    -133.771    -134.323   0.0244817
         344    -134.334    -134.323   0.0244106
         345    -135.182    -134.326   0.0244665
         346     -134.82    -134.327   0.0244374
         347    -133.977    -134.326   0.0243879
         348    -134.462    -134.326   0.0243209
         349    -133.163    -134.323   0.0244786
         350    -133.808    -134.322   0.0244528
         351    -134.824    -134.323   0.0244251
         352     -134.24    -134.323   0.0243568
         353     -134.71    -134.324   0.0243125
         354    -134.271    -134.324   0.0242443
         355     -134.12    -134.323   0.0241828
         356    -134.112    -134.323   0.0241221
         357    -134.736    -134.324   0.0240824
         358    -134.515    -134.324    0.024021
         359    -134.481    -134.325   0.0239581
         360    -133.894    -134.323   0.0239214
         361    -134.653    -134.324   0.0238726
         362    -134.735    -134.325   0.0238335
         363    -134.989    -134.327   0.0238378
         364    -134.921    -134.329   0.0238281
         365    -133.977    -134.328   0.0237823
         366    -134.283    -134.328   0.0237176
         367     -134.95     -134.33   0.0237135
         368     -134.68    -134.331   0.0236682
         369    -134.342    -134.331   0.0236041
         370    -133.984     -134.33   0.0235589
         371    -134.988    -134.331   0.0235622
         372    -133.747     -134.33   0.0235511
         373    -134.777    -134.331   0.0235184
         374     -134.44    -134.331   0.0234573
         375    -133.923     -134.33     0.02342
         376    -134.187     -134.33   0.0233608
         377    -134.358     -134.33    0.023299
         378    -133.876    -134.329   0.0232683
         379    -134.438    -134.329   0.0232087
         380    -135.023    -134.331   0.0232192
         381    -135.018    -134.333   0.0232283
         382    -134.081    -134.332   0.0231768
         383    -134.641    -134.333   0.0231303
         384    -133.988    -134.332   0.0230875
         385    -134.264    -134.332   0.0230282
         386    -134.318    -134.332   0.0229685
         387    -134.581    -134.332   0.0229183
         388    -134.747    -134.333   0.0228841
         389    -134.815    -134.335   0.0228587
         390    -134.506    -134.335   0.0228043
         391    -134.934    -134.337   0.0227975
         392    -133.917    -134.336   0.0227644
         393    -134.485    -134.336   0.0227097
         394    -135.168    -134.338     0.02275
         395    -133.947    -134.337    0.022714
         396    -133.586    -134.335   0.0227356
         397    -134.317    -134.335   0.0226784
         398    -133.235    -134.332   0.0227892
         399    -134.286    -134.332   0.0227324
         400    -134.312    -134.332   0.0226756
         401    -134.986    -134.334   0.0226776
         402     -134.87    -134.335   0.0226603
         403    -134.781    -134.336   0.0226312
         404    -133.541    -134.334   0.0226606
         405     -135.44    -134.337   0.0227685
         406    -133.884    -134.336   0.0227397
         407    -134.849    -134.337   0.0227189
         408    -134.808    -134.338   0.0226925
         409    -134.232    -134.338   0.0226385
         410    -134.018    -134.337   0.0225968
         411    -134.642    -134.338    0.022554
         412    -133.944    -134.337   0.0225195
         413    -134.299    -134.337   0.0224651
         414    -134.187    -134.337   0.0224138
         415    -134.653    -134.337   0.0223728
         416    -134.509    -134.338   0.0223228
         417    -134.468    -134.338   0.0222714
         418    -133.498    -134.336   0.0223087
         419    -134.562    -134.337   0.0222619
         420    -133.425    -134.334   0.0223144
         421     -134.63    -134.335   0.0222725
         422    -134.475    -134.335   0.0222222
         423    -134.301    -134.335   0.0221698
         424    -134.453    -134.336   0.0221192
         425    -134.504    -134.336   0.0220708
         426    -133.916    -134.335    0.022041
         427    -133.963    -134.334   0.0220066
         428    -134.562    -134.335   0.0219616
         429    -134.025    -134.334   0.0219223
         430    -134.624    -134.335   0.0218817
         431    -135.047    -134.336   0.0218933
         432    -134.294    -134.336   0.0218429
         433     -134.07    -134.336   0.0218011
         434    -134.414    -134.336   0.0217516
         435     -134.39    -134.336   0.0217019
         436    -133.709    -134.334   0.0216997
         437    -134.285    -134.334   0.0216503
         438    -134.219    -134.334   0.0216025
         439    -134.276    -134.334   0.0215537
         440    -134.668    -134.335   0.0215181
         441    -133.505    -134.333   0.0215514
         442      -134.9    -134.334   0.0215408
         443    -133.932    -134.333   0.0215113
         444    -134.633    -134.334   0.0214735
         445    -134.078    -134.333   0.0214329
         446    -134.295    -134.333   0.0213851
         447    -134.252    -134.333    0.021338
         448    -134.609    -134.334   0.0212992
         449    -133.946    -134.333   0.0212693
         450    -134.269    -134.333   0.0212225
         451     -133.62    -134.331   0.0212341
         452     -134.25    -134.331   0.0211879
         453    -134.607    -134.332   0.0211499
         454    -135.044    -134.333   0.0211615
         455    -133.979    -134.332   0.0211293
         456    -134.342    -134.332    0.021083
         457    -134.161    -134.332   0.0210402
         458    -134.001    -134.331   0.0210067
         459    -134.263    -134.331   0.0209614
         460    -135.108    -134.333   0.0209839
         461    -134.814    -134.334   0.0209643
         462    -134.264    -134.334   0.0209194
         463    -134.095    -134.333   0.0208806
         464     -134.37    -134.333   0.0208357
         465    -134.162    -134.333   0.0207942
         466    -134.804    -134.334   0.0207742
         467    -134.066    -134.333   0.0207376
         468    -134.604    -134.334   0.0207013
         469    -134.458    -134.334   0.0206589
         470    -134.524    -134.335   0.0206189
         471    -134.578    -134.335   0.0205816
         472    -134.946    -134.336   0.0205786
         473    -133.969    -134.336   0.0205497
         474    -134.202    -134.335   0.0205083
         475    -134.256    -134.335   0.0204658
         476    -134.602    -134.336   0.0204305
         477    -134.035    -134.335   0.0203974
         478    -134.751    -134.336   0.0203733
         479    -135.026    -134.337   0.0203816
         480    -134.596    -134.338   0.0203462
         481    -133.761    -134.337   0.0203393
         482    -134.335    -134.337   0.0202971
         483    -134.693    -134.337   0.0202685
         484    -134.203    -134.337   0.0202285
         485    -134.165    -134.337   0.0201899
         486    -134.725    -134.338   0.0201642
         487    -134.522    -134.338   0.0201263
         488    -133.097    -134.335   0.0202451
         489    -134.574    -134.336   0.0202095
         490    -135.345    -134.338    0.020273
         491     -134.06    -134.337   0.0202397
         492    -133.798    -134.336   0.0202282
         493    -134.823    -134.337   0.0202113
         494    -135.109    -134.339   0.0202307
         495    -134.645     -134.34   0.0201993
         496    -133.797    -134.338   0.0201881
         497    -133.309    -134.336   0.0202536
         498     -134.28    -134.336   0.0202132
         499    -134.085    -134.336    0.020179
         500    -134.112    -134.335   0.0201436
