2 0.156473 0.00195613
1.994 0.154242 0.0058962
1.98802 0.265995 0.00244349
1.98205 0.265995 0.00582266
1.97611 -0.0126211 0.00165278
1.97018 -0.0126211 0.0171589
1.96427 0.204033 0.00620885
1.95838 0.204033 0.0271057
1.9525 1.26984 0.0147181
1.94664 1.26984 0.0181332
1.9408 1.26984 0.0331886
1.93498 1.26984 0.0557784
1.92918 4.57289 0.0389764
1.92339 -0.026955 0.00185942
1.91762 1.72225 0.00593435
1.91187 0.523649 0.00424196
1.90613 0.523649 0.236674
1.90041 0.523649 0.01254
1.89471 0.523649 0.0171882
1.88903 0.0103643 0.00146942
1.88336 0.0333773 0.00328464
1.87771 0.877493 0.0152938
1.87208 0.877493 0.0124567
1.86646 0.00981781 0.00287886
1.86086 0.018391 0.00111635
1.85528 3.35455 0.0219751
1.84971 1.42632 0.00636975
1.84416 1.42632 0.0252578
1.83863 0.33996 0.00237946
1.83311 0.041936 0.00378258
1.82762 1.26418 0.00927157
1.82213 -0.0593637 0.00112968
1.81667 1.16089 0.0107055
1.81122 1.1705 0.00508281
1.80578 0.115226 0.00418988
1.80036 0.221757 0.00227148
1.79496 0.481544 0.00278075
1.78958 0.191595 0.00513677
1.78421 0.0118598 0.00261136
1.77886 0.0118598 0.0034881
1.77352 0.208543 0.00228523
1.7682 0.208543 0.00378106
1.7629 0.862653 0.0044173
1.75761 2.26293 0.00961673
1.75233 2.79952 0.0177723
1.74708 2.79952 0.0445796
1.74184 0.909035 0.00227594
1.73661 0.909035 0.0501123
1.7314 0.909035 0.0038231
1.72621 0.909035 0.00598751
1.72103 0.909035 0.0747387
1.71586 0.909035 0.0144528
1.71072 0.909035 0.030821
1.70559 0.909035 0.012542
1.70047 0.84692 0.00944323
1.69537 0.84692 0.0280452
1.69028 1.72156 0.010543
1.68521 0.556124 0.00951124
1.68015 0.254134 0.00465247
1.67511 -0.0158057 0.00193737
1.67009 0.847193 0.0124153
1.66508 0.847193 0.0182242
1.66008 0.847193 0.0258615
1.6551 1.06579 0.0156683
1.65014 0.0692733 0.00423274
1.64519 0.0897047 0.00155267
1.64025 -0.0461503 0.0020238
1.63533 0.263145 0.00541707
1.63042 0.263145 0.00705522
1.62553 2.2294 0.026846
1.62066 1.14569 0.0157863
1.61579 1.14569 0.0708609
1.61095 0.819772 0.013652
1.60611 1.23002 0.0176262
1.6013 4.91932 0.0543361
1.59649 5.10214 0.0566948
1.5917 1.57874 0.0237833
1.58693 0.0976091 0.00417435
1.58217 0.0976091 0.0153802
1.57742 0.154447 0.00552543
1.57269 0.0524603 0.00374149
1.56797 0.120579 0.00437368
1.56327 1.65705 0.0210778
1.55858 1.65705 0.0362234
1.5539 1.65705 0.0579559
1.54924 1.65705 0.0665099
1.54459 1.61631 0.0194254
1.53996 0.830099 0.0138416
1.53534 0.926503 0.0143496
1.53073 0.290206 0.00646661
1.52614 0.290206 0.0213862
1.52156 0.223918 0.00509475
1.517 0.223918 0.0544927
1.51245 0.774687 0.0101843
1.50791 1.51028 0.0178483
1.50338 0.000560639 0.00284028
1.49887 0.000560639 0.00426238
1.49438 -0.00810137 0.00209254
1.48989 -0.0306751 0.00162852
1.48542 -0.0298345 0.00138179
1.48097 -0.0306805 0.00106953
1.47653 0.116286 0.0013853
1.4721 -0.115502 0.000599996
1.46768 -0.115502 0.0111447
1.46328 0.562019 0.00683353
1.45889 1.29578 0.0146249
1.45451 -0.0481897 0.00113547
1.45015 0.788116 0.00360045
1.4458 0.149621 0.00172706
1.44146 0.0725612 0.00159768
1.43713 -0.0281377 0.00175339
1.43282 0.261511 0.00200182
1.42852 0.0084332 0.002902
1.42424 0.480281 0.00272855
1.41997 -0.00228707 0.00268016
1.41571 0.0418783 0.00350878
1.41146 -0.0112592 0.00143272
1.40722 0.0491658 0.00152775
1.403 0.0853413 0.00423807
1.39879 0.433396 0.00853723
1.3946 0.433396 0.0290551
1.39041 0.433396 0.0209296
1.38624 0.422269 0.00687224
1.38208 -0.0324164 0.00135514
1.37794 0.542764 0.00313364
1.3738 0.574508 0.00381203
1.36968 0.574508 0.13944
1.36557 0.353768 0.00235747
1.36148 0.100097 0.00181342
1.35739 0.10497 0.00181442
1.35332 0.542774 0.00172905
1.34926 0.588823 0.0024296
1.34521 0.588823 0.00248433
1.34118 0.588823 0.00416155
1.33715 -0.0109296 0.00250267
1.33314 -0.0109296 0.0270686
1.32914 2.13135 0.0174168
1.32516 1.56444 0.0153144
1.32118 1.5013 0.0177803
1.31722 1.5013 0.0914063
1.31326 1.5013 0.0319631
1.30932 1.44967 0.0167471
1.3054 1.44967 0.0668773
1.30148 0.13774 0.00514593
1.29758 -0.01367 0.00167611
1.29368 0.0681839 0.00349602
1.2898 0.66405 0.0100936
1.28593 0.66405 0.0134604
1.28207 0.66405 0.0624441
1.27823 0.66405 0.0704756
1.27439 0.66405 0.0326121
1.27057 0.836727 0.0122678
1.26676 0.836727 0.0319437
1.26296 0.836727 0.0246015
1.25917 0.836727 0.0212522
1.25539 0.00286455 0.00233828
1.25163 -0.0216583 0.00218351
1.24787 0.0311963 0.0033402
1.24413 -0.0107316 0.00214216
1.2404 0.568725 0.00950962
1.23667 0.0517624 0.00376037
1.23296 1.15818 0.0154484
1.22927 1.25221 0.0180631
1.22558 0.916917 0.0137263
1.2219 2.32151 0.0259721
1.21824 1.99945 0.0194252
1.21458 0.0801549 0.00337588
1.21094 0.0548403 0.00170493
1.2073 0.0548403 0.00536759
1.20368 0.844765 0.00620892
1.20007 0.844765 0.00727307
1.19647 0.844765 0.0176509
1.19288 0.844765 0.0302951
1.1893 0.526236 0.00588777
1.18573 -0.053277 0.000965732
1.18218 0.93383 0.00773564
1.17863 0.859366 0.00562949
1.1751 0.859366 0.0191516
1.17157 0.0668048 0.00322714
1.16806 0.0668048 0.0178378
1.16455 -0.00529524 0.00258728
1.16106 0.0444756 0.00163208
1.15757 0.379306 0.00247701
1.1541 0.379306 0.00357574
1.15064 0.822912 0.0058289
1.14719 0.243872 0.00233359
1.14375 0.243872 0.0144193
1.14031 -0.0500533 0.0010518
1.13689 0.157611 0.00194194
1.13348 0.0386143 0.00144819
1.13008 0.0742784 0.00383121
1.12669 0.0299497 0.00297036
1.12331 0.231547 0.00561898
1.11994 2.26095 0.0153159
1.11658 1.7821 0.0111585
1.11323 1.7821 0.02552
1.10989 0.331302 0.00337909
1.10656 -0.117017 0.000541756
1.10324 1.15464 0.00364103
1.09993 0.250116 0.00264412
1.09663 0.0517525 0.00320534
1.09334 0.330341 0.007023
1.09006 0.00169673 0.0014917
1.08679 0.239863 0.00531989
1.08353 0.359841 0.00818066
1.08028 -0.0136622 0.00209338
1.07704 0.280665 0.00627235
1.07381 0.439283 0.00917157
1.07059 0.439283 0.0183156
1.06738 0.726654 0.0129952
1.06418 0.726654 0.0150773
1.06098 0.925524 0.0150411
1.0578 0.683406 0.011734
1.05463 0.60625 0.0123568
1.05146 0.60625 0.0124292
1.04831 0.678925 0.00917194
1.04516 -0.049433 0.00112543
1.04203 0.139857 0.00193323
1.0389 0.0389362 0.00110251
1.03579 -0.0909063 0.000902481
1.03268 -0.0564385 0.000955131
1.02958 -0.0564385 0.00323555
1.02649 0.0595999 0.00132656
1.02341 0.135746 0.00462929
1.02034 0.135746 0.00864578
1.01728 0.289546 0.00666044
1.01423 0.0279196 0.0029626
1.01119 -0.0139353 0.00151323
1.00815 -0.00350408 0.00155434
1.00513 -0.0151392 0.00192112
1.00211 0.119032 0.00564788
0.999106 0.148845 0.0052254
0.996109 0.315009 0.00716491
0.99312 0.015755 0.00247957
0.990141 0.0459977 0.00138272
0.987171 0.0432309 0.00334869
0.984209 0.0432309 0.00186112
0.981256 -0.0134658 0.00121954
0.978313 -0.0134658 0.00142112
0.975378 -0.0134658 0.00408333
0.972452 0.00011554 0.00167531
0.969534 0.740799 0.00456061
0.966626 0.740799 0.0402165
0.963726 1.17018 0.00630444
0.960835 0.426492 0.00269436
0.957952 0.426492 0.0107516
0.955078 0.258841 0.00304246
0.952213 0.258841 0.0110295
0.949356 0.522107 0.00385616
0.946508 0.437968 0.00433382
0.943669 0.0986434 0.00230184
0.940838 -0.00594282 0.00100148
0.938015 0.0397943 0.00210181
0.935201 0.0397943 0.00537565
0.932396 0.0397943 0.00615005
0.929598 0.191577 0.0016584
0.92681 -0.0617558 0.00121924
0.924029 0.607632 0.00868122
0.921257 0.112847 0.00371896
0.918493 0.330019 0.00485531
0.915738 0.330019 0.00957187
0.912991 0.330019 0.00791587
0.910252 0.807131 0.00507157
0.907521 2.99144 0.0143757
0.904798 0.270558 0.00438658
0.902084 0.586811 0.00472347
0.899378 -0.0851792 0.00125543
0.89668 0.0207519 0.00212985
0.89399 0.0533205 0.00343408
0.891308 0.0533205 0.0198918
0.888634 0.069533 0.00490115
0.885968 -0.000733586 0.00259745
0.88331 0.501077 0.00959644
0.88066 0.501077 0.00880208
0.878018 0.231395 0.00586212
0.875384 0.168817 0.00557111
0.872758 0.418861 0.00845607
0.870139 0.087518 0.00380068
0.867529 0.0459926 0.00361319
0.864926 0.0349617 0.00382283
0.862332 0.0010654 0.00137767
0.859745 0.208491 0.0018284
0.857165 0.862251 0.0040296
0.854594 0.175277 0.00186583
0.85203 0.813914 0.00395559
0.849474 0.454247 0.00278584
0.846926 0.0268309 0.00117749
0.844385 -0.0250018 0.00112697
0.841852 0.115765 0.00155051
0.839326 0.115765 0.00417586
0.836808 -0.0921208 0.00113788
0.834298 -0.044437 0.00102737
0.831795 -0.0401651 0.00104105
0.829299 -0.0401651 0.00439008
0.826812 -0.00898134 0.00124526
0.824331 -0.00898134 0.00171
0.821858 0.0344558 0.00234852
0.819393 0.0344558 0.0117294
0.816934 0.0344558 0.00313725
0.814484 0.365627 0.00293177
0.81204 -0.0671719 0.00154257
0.809604 -0.0671719 0.00268472
0.807175 -0.0671719 0.00551448
0.804754 0.154643 0.00435153
0.802339 0.154643 0.0107211
0.799932 -0.020274 0.0020644
0.797533 0.463095 0.00940742
0.79514 0.193226 0.00491342
0.792755 0.193226 0.00915103
0.790376 0.359607 0.00467535
0.788005 -0.00943224 0.0026372
0.785641 -0.00943224 0.00190259
0.783284 -0.00738618 0.001464
0.780934 0.0303599 0.00282112
0.778592 0.202855 0.00658638
0.776256 0.202855 0.00861117
0.773927 0.0965736 0.00453175
0.771605 0.157737 0.00576716
0.76929 0.256365 0.00643766
0.766983 0.16675 0.00540491
0.764682 0.070327 0.00385081
0.762388 0.358559 0.00806804
0.7601 0.0192912 0.00265374
0.75782 0.0192912 0.00964238
0.755547 0.364974 0.00654322
0.75328 0.364974 0.0222337
0.75102 0.160632 0.00486907
0.748767 -0.0185395 0.00245239
0.746521 -0.0874124 0.00103974
0.744281 0.0526241 0.00184366
0.742048 -0.089306 0.0012877
0.739822 0.0747356 0.0012459
0.737603 0.342757 0.00147988
0.73539 0.0486599 0.00224907
0.733184 0.14999 0.00276917
0.730984 -0.0916952 0.000937027
0.728791 -0.0916952 0.0016351
0.726605 -0.0916952 0.00346671
0.724425 -0.0399564 0.00206424
0.722252 -0.0399564 0.00926099
0.720085 -0.0399564 0.0044533
0.717925 0.0136504 0.00289758
0.715771 -0.0235115 0.00217095
0.713624 -0.0277421 0.00158306
0.711483 0.129036 0.00198008
0.709348 -0.0425055 0.00103222
0.70722 0.0439885 0.00144244
0.705099 0.223438 0.00190151
0.702983 0.158261 0.00165578
0.700874 -0.00856978 0.0014096
0.698772 -0.0109208 0.00245438
0.696676 -0.00147738 0.00224886
0.694586 0.11844 0.00493372
0.692502 -0.00480432 0.00245441
0.690424 0.0222956 0.00142805
0.688353 -0.100334 0.000766452
0.686288 -0.108162 0.000625638
0.684229 -0.0304931 0.00129567
0.682176 -0.0304931 0.00214705
0.68013 0.0526788 0.00115822
0.678089 0.5566 0.00363239
0.676055 0.220921 0.00196752
0.674027 0.220921 0.00331982
0.672005 -0.11201 0.000502746
0.669989 0.0176204 0.0011002
0.667979 -0.0674148 0.000931795
0.665975 -0.0437732 0.00107621
0.663977 0.220451 0.00203738
0.661985 0.0119812 0.00142471
0.659999 0.0119812 0.00295692
0.658019 0.0119812 0.00366471
0.656045 0.0119812 0.00424234
0.654077 0.500259 0.00277659
0.652115 0.500259 0.00800116
0.650158 0.513521 0.00333537
0.648208 0.130978 0.00181328
0.646263 -0.00575629 0.00133883
0.644325 -0.00510729 0.00151363
0.642392 0.0552017 0.00147835
0.640464 0.00304758 0.00159632
0.638543 0.218221 0.0019619
0.636627 0.133683 0.00190246
0.634717 0.207874 0.00217628
0.632813 0.0493103 0.00140523
0.630915 0.00880548 0.0014081
0.629022 0.107256 0.0014017
0.627135 0.107256 0.00179623
0.625254 0.0147091 0.00148558
0.623378 -0.00527738 0.00208294
0.621508 -0.00527738 0.00342613
0.619643 0.125813 0.00423908
0.617784 0.185644 0.00520043
0.615931 0.292356 0.00553376
0.614083 0.292356 0.00778796
0.612241 0.292356 0.00749485
0.610404 0.292356 0.00923863
0.608573 0.292356 0.0137864
0.606747 0.25406 0.00563069
0.604927 0.660232 0.00797926
0.603112 0.660232 0.0230246
0.601303 0.660232 0.0153083
0.599499 0.00596965 0.00319827
0.597701 -0.105271 0.00101824
0.595907 0.0311128 0.00143665
0.59412 0.0311128 0.00353213
0.592337 0.322788 0.0023713
0.59056 0.322788 0.00781797
0.588789 0.317403 0.00148466
0.587022 0.317403 0.00291158
0.585261 0.317403 0.00400878
0.583505 0.666324 0.0042254
0.581755 0.666324 0.00773825
0.58001 0.347983 0.00182172
0.57827 0.0578842 0.00157596
0.576535 -0.0933722 0.0010623
0.574805 -0.052178 0.00110568
0.573081 -0.0153545 0.00128438
0.571362 0.0126842 0.00160428
0.569647 -0.0142929 0.001706
0.567939 0.0708783 0.00438077
0.566235 0.0230203 0.00313606
0.564536 0.22089 0.00664069
0.562842 0.567302 0.0119165
0.561154 0.960393 0.016463
0.55947 0.792329 0.0127522
0.557792 1.02186 0.0136583
0.556119 1.16443 0.0164396
0.55445 1.16443 0.0267008
0.552787 0.765173 0.0139151
0.551129 0.765173 0.0146925
0.549475 1.01118 0.012755
0.547827 0.577145 0.00950481
0.546183 0.899699 0.0137377
0.544545 0.50841 0.0106658
0.542911 0.50841 0.0143767
0.541282 0.397514 0.00712735
0.539658 0.670016 0.0128894
0.53804 0.670016 0.0147054
0.536425 0.442212 0.00861723
0.534816 0.425217 0.00848999
0.533212 0.0781277 0.00403937
0.531612 0.0781277 0.00680844
0.530017 0.0109392 0.0027247
0.528427 -0.0119402 0.001573
0.526842 -0.013181 0.0016465
0.525261 -0.0151873 0.0017824
0.523686 -0.00729323 0.00217313
0.522115 0.00353815 0.00266527
0.520548 -0.0136378 0.00180407
0.518987 0.0119518 0.00292131
0.51743 -0.0146506 0.00158901
0.515877 0.0214128 0.00130442
0.51433 0.0272105 0.0015715
0.512787 0.0910158 0.00166287
0.511248 0.010981 0.00129299
0.509715 -0.00232214 0.00275501
0.508185 -0.0321299 0.00234609
0.506661 -0.0413312 0.00181911
0.505141 -0.11781 0.000614552
0.503625 -0.11781 0.00202285
0.502115 -0.0965529 0.000887507
0.500608 -0.00355054 0.0012221
0.499106 -0.120596 0.000573492
0.497609 -0.100326 0.000786055
0.496116 0.0652045 0.00198163
0.494628 -0.0851116 0.00087321
0.493144 -0.0851116 0.00235929
0.491665 -0.0851116 0.00165727
0.49019 -0.0272151 0.00148467
0.488719 0.095179 0.00209128
0.487253 -0.061241 0.00166355
0.485791 -0.0321087 0.00102339
0.484334 -0.111535 0.000851136
0.482881 -0.107976 0.000754399
0.481432 -0.0799499 0.000776985
0.479988 0.0183043 0.00146419
0.478548 0.259554 0.00244227
0.477112 0.390885 0.00341264
0.475681 0.211591 0.00211032
0.474254 -0.0175406 0.00124356
0.472831 -0.0175406 0.00186904
0.471413 0.042092 0.00209367
0.469998 0.13309 0.00133809
0.468588 -0.0490318 0.00173105
0.467183 0.355911 0.00447335
0.465781 0.965278 0.00571531
0.464384 0.965278 0.00795277
0.462991 0.262813 0.00295935
0.461602 0.0236039 0.00132642
0.460217 -0.0736397 0.00162004
0.458836 -0.0875441 0.0010568
0.45746 -0.101553 0.00101497
0.456087 -0.0585933 0.000834454
0.454719 0.140996 0.00179073
0.453355 -0.055405 0.000923653
0.451995 -0.055405 0.00164175
0.450639 0.129939 0.00179244
0.449287 -0.0136637 0.00115861
0.447939 -0.104427 0.000664717
0.446595 -0.0713154 0.00085279
0.445255 -0.0713154 0.00176221
0.44392 -0.0713154 0.00168034
0.442588 0.196647 0.00195279
0.44126 0.196647 0.00301172
0.439936 0.196647 0.00382629
0.438616 0.505108 0.00333126
0.437301 0.614619 0.00289672
0.435989 0.409739 0.00352996
0.434681 0.43211 0.00388107
0.433377 0.43211 0.00620253
0.432077 0.43211 0.00682085
0.43078 0.0467541 0.00180567
0.429488 0.179676 0.00228153
0.4282 0.0403677 0.00201738
0.426915 0.0403677 0.00286434
0.425634 0.011929 0.00210377
0.424357 0.306717 0.00368654
0.423084 0.351912 0.00290011
0.421815 0.742423 0.00589606
0.42055 0.742423 0.0134056
0.419288 0.292378 0.00313984
0.41803 0.292378 0.00985096
0.416776 0.425079 0.00321345
0.415526 0.585179 0.00295206
0.414279 0.585179 0.00768336
0.413036 0.884124 0.00380388
0.411797 0.872428 0.0037391
0.410562 0.872428 0.00886068
0.40933 0.934021 0.00424234
0.408102 0.704442 0.00328467
0.406878 0.393557 0.00252707
0.405657 0.53966 0.00334222
0.40444 0.751592 0.00358714
0.403227 0.377481 0.00211991
0.402017 0.0693691 0.00151665
0.400811 0.0386166 0.00112553
0.399609 -0.100641 0.000591135
0.39841 -0.0838648 0.000738789
0.397215 0.051487 0.00156122
0.396023 -0.102591 0.00069962
0.394835 -0.0803738 0.000688397
0.39365 -0.094841 0.00104296
0.392469 -0.10909 0.000671725
0.391292 -0.0422203 0.00122823
0.390118 0.0252359 0.00133385
0.388948 -0.043996 0.00132878
0.387781 -0.043996 0.00136074
0.386618 -0.00907378 0.00132368
0.385458 -0.00108539 0.00155216
0.384301 -0.0151904 0.00180339
0.383148 0.0432499 0.00151093
0.381999 0.12119 0.0014572
0.380853 0.0206373 0.0012249
0.37971 -0.0170916 0.0016669
0.378571 0.0120587 0.00152056
0.377436 0.0485183 0.0015419
0.376303 0.124837 0.00192809
0.375174 0.0890285 0.00170364
0.374049 0.160887 0.00176756
0.372927 0.12016 0.00197099
0.371808 0.0269238 0.00134938
0.370693 0.0848638 0.00147842
0.36958 0.166572 0.00194248
0.368472 0.0986792 0.00186093
0.367366 0.276261 0.00251604
0.366264 0.209335 0.00182826
0.365165 0.209335 0.00246565
0.36407 0.209335 0.00277667
0.362978 0.345214 0.00264492
0.361889 0.345214 0.00346161
0.360803 0.106669 0.00152046
0.359721 0.106669 0.00175635
0.358642 0.165548 0.00174026
0.357566 -0.00759905 0.00114017
0.356493 -0.00759905 0.00186218
0.355423 -0.0883273 0.000678626
0.354357 -0.00967938 0.0010652
0.353294 -0.117726 0.000622326
0.352234 -0.0980455 0.000851357
0.351177 -0.0227201 0.00154663
0.350124 -0.0591323 0.000943995
0.349074 -0.110584 0.000777769
0.348026 -0.0836264 0.00147024
0.346982 -0.0350327 0.00200564
0.345941 -0.0524832 0.00155434
0.344904 -0.0524832 0.00125383
0.343869 -0.0524832 0.0015695
0.342837 -0.0841453 0.00123628
0.341809 -0.0481578 0.00124166
0.340783 0.0699514 0.0014592
0.339761 0.0394515 0.00162451
0.338742 0.0228075 0.00128797
0.337725 -0.000564449 0.00146575
0.336712 -0.0151984 0.00169749
0.335702 -0.0137053 0.00166793
0.334695 -0.00176559 0.00146989
0.333691 0.0307105 0.00156481
0.33269 -0.00341567 0.00152931
0.331692 -0.00859866 0.00145735
0.330697 -0.00604031 0.00148286
0.329705 0.03713 0.00141847
0.328715 -0.0017603 0.00166258
0.327729 0.0412049 0.00139251
0.326746 0.0927857 0.00161907
0.325766 0.142894 0.00194443
0.324789 0.155868 0.00196235
0.323814 0.063372 0.00135135
0.322843 0.0193873 0.00120403
0.321874 -0.00751047 0.0013852
0.320909 0.0269316 0.0013452
0.319946 -0.00887199 0.00144781
0.318986 -0.0102708 0.00120643
0.318029 -0.0246301 0.00158831
0.317075 -0.0184335 0.00151971
0.316124 -0.0164393 0.00214046
0.315175 -0.00247101 0.00230768
0.31423 0.0604641 0.00337581
0.313287 0.0475472 0.00325704
0.312347 0.0606336 0.00365868
0.31141 0.178411 0.00564843
0.310476 0.178411 0.00636239
0.309545 0.0681788 0.00360376
0.308616 0.0829973 0.00397236
0.30769 0.0190534 0.00290613
0.306767 0.0269051 0.00336558
0.305847 0.00867 0.00262809
0.304929 0.00867 0.00474887
0.304014 0.00867 0.00387273
0.303102 0.0560767 0.00415194
0.302193 0.0459788 0.00373329
0.301287 0.0150255 0.00275813
0.300383 0.0638564 0.00426643
0.299482 0.0177248 0.00304878
0.298583 -0.00284414 0.00234246
0.297687 -0.00120395 0.00252402
0.296794 0.0541309 0.00341025
0.295904 0.100409 0.00465478
0.295016 0.105363 0.00396305
0.294131 0.0745812 0.00395898
0.293249 0.0765591 0.00418586
0.292369 0.107168 0.00463435
0.291492 0.178018 0.00538684
0.290617 0.230089 0.00625657
0.289746 0.239946 0.0058947
0.288876 0.286641 0.00684804
0.28801 0.29401 0.00645716
0.287146 0.389385 0.00786814
0.286284 0.522338 0.0102047
0.285425 0.522338 0.010459
0.284569 0.306837 0.0072717
0.283715 0.306837 0.00941805
0.282864 0.267708 0.00765897
0.282016 0.157924 0.00487429
0.28117 0.136145 0.00480312
0.280326 0.113783 0.00492546
0.279485 0.0357229 0.00293597
0.278647 0.00377133 0.00275111
0.277811 -0.00822741 0.00237346
0.276977 0.0218513 0.00326308
0.276146 0.02777 0.00334261
0.275318 0.00899503 0.00300516
0.274492 0.0266234 0.00279866
0.273668 0.0615604 0.00313367
0.272847 0.0429093 0.00378042
0.272029 0.0337593 0.00310098
0.271213 0.0201301 0.00271739
0.270399 0.0157142 0.00279314
0.269588 0.0621844 0.00405004
0.268779 0.0322854 0.00325811
0.267973 0.0160391 0.00247158
0.267169 0.00943712 0.00234757
0.266367 -0.0110442 0.00242421
0.265568 0.0148257 0.00310759
0.264772 -0.00634647 0.00190674
0.263977 0.0374776 0.00353448
0.263185 0.073864 0.00460672
0.262396 0.0618682 0.00348169
0.261609 0.0265008 0.00314943
0.260824 0.0568972 0.0034572
0.260041 0.0816982 0.00385147
0.259261 0.0609224 0.00344415
0.258483 0.15484 0.00580907
0.257708 0.0560384 0.00352575
0.256935 0.0560384 0.00541995
0.256164 0.00764178 0.00247176
0.255396 0.015972 0.00313088
0.254629 0.048468 0.00429552
0.253866 0.0159341 0.00357606
0.253104 -0.00772559 0.0024637
0.252345 -0.0148619 0.00209087
0.251588 -0.00211591 0.00257571
0.250833 0.000635291 0.00259812
0.25008 0.0619876 0.00359223
0.24933 0.0924883 0.00376689
0.248582 0.0929585 0.00427842
0.247836 0.0589524 0.00413842
0.247093 0.0824407 0.00406925
0.246352 0.145506 0.00480613
0.245613 0.103342 0.00456604
0.244876 0.149308 0.00537893
0.244141 0.140293 0.00531636
0.243409 0.258914 0.00661362
0.242678 0.426974 0.0102818
0.24195 0.433922 0.00794356
0.241225 0.433922 0.0105032
0.240501 0.356292 0.00814403
0.239779 0.356292 0.0103274
0.23906 0.356292 0.00898837
0.238343 0.242904 0.00605384
0.237628 0.291285 0.00655655
0.236915 0.260566 0.00676161
0.236204 0.2114 0.0054258
0.235496 0.232793 0.00676281
0.234789 0.232793 0.00808747
0.234085 0.281868 0.00709453
0.233382 0.259673 0.00692015
0.232682 0.377875 0.00852699
0.231984 0.377875 0.00860848
0.231288 0.280969 0.0071013
0.230594 0.371898 0.00824432
0.229903 0.371898 0.00827396
0.229213 0.362682 0.00662257
0.228525 0.215981 0.00523796
0.22784 0.198982 0.00612454
0.227156 0.100971 0.00397125
0.226475 0.0389106 0.00319719
0.225795 0.0726217 0.00417915
0.225118 0.00646674 0.00263148
0.224443 -0.00880011 0.00246709
0.223769 -0.0156621 0.00179217
0.223098 -0.0205875 0.00179175
0.222429 -0.0127711 0.00192485
0.221761 -0.0130665 0.00164303
0.221096 -0.0117575 0.00153469
0.220433 -0.0137662 0.00172975
0.219771 -0.0151872 0.0017439
0.219112 -0.0121748 0.00171093
0.218455 -0.0124947 0.00196567
0.217799 -0.0166369 0.00181262
0.217146 -0.012652 0.00143476
0.216495 -0.00943208 0.00140915
0.215845 0.00388146 0.00155942
0.215198 0.045027 0.00137283
0.214552 0.0533522 0.00143523
0.213908 0.0436225 0.00161789
0.213267 -0.00153114 0.0016098
0.212627 0.00744415 0.00151031
0.211989 -0.00683332 0.00145833
0.211353 -0.011692 0.0016071
0.210719 -0.0115444 0.0017788
0.210087 -0.0155781 0.00151673
0.209457 -0.0126322 0.00196071
0.208828 0.00129699 0.00286954
0.208202 0.00247062 0.00219668
0.207577 -0.0079876 0.00224362
0.206954 -0.0165667 0.00187905
0.206333 -0.0126793 0.00159418
0.205714 -0.0163226 0.00170649
0.205097 -0.0137893 0.00171556
0.204482 -0.00489521 0.00210998
0.203869 0.00610532 0.002634
0.203257 0.0530953 0.0032639
0.202647 0.0584344 0.00365934
0.202039 0.0676729 0.00398836
0.201433 0.0993772 0.00407935
0.200829 0.0563947 0.00373416
0.200226 0.00544329 0.00263797
0.199626 0.0106119 0.0024136
0.199027 -0.0120241 0.00230441
0.19843 -0.00202199 0.00226394
0.197834 0.0111745 0.00271106
0.197241 0.0111745 0.00363075
0.196649 0.0148257 0.00304242
0.196059 0.0356564 0.00263419
0.195471 0.0572243 0.00328214
0.194885 0.0697243 0.00342525
0.1943 0.0472241 0.00364888
0.193717 -0.0140729 0.00257754
0.193136 -0.0176165 0.00216316
0.192557 0.0339352 0.00339532
0.191979 0.0463319 0.00364861
0.191403 0.0393794 0.0030518
0.190829 -0.0170786 0.00238965
0.190256 -0.0251627 0.00211321
0.189685 -0.0543657 0.00176363
0.189116 -0.0193712 0.00265668
0.188549 0.0277877 0.0030673
0.187983 0.0734917 0.00366477
0.187419 0.0734917 0.00467057
0.186857 0.0772273 0.003423
0.186297 0.0473954 0.0028588
0.185738 0.0473954 0.00381629
0.185181 0.208427 0.0036314
0.184625 0.208427 0.00573477
0.184071 0.208427 0.00590001
0.183519 0.208427 0.00627446
0.182968 0.249566 0.00409801
0.182419 0.222468 0.00498496
0.181872 0.192011 0.00465061
0.181327 0.192011 0.00481876
0.180783 0.159974 0.00468804
0.18024 0.0240743 0.00293889
0.1797 0.0285462 0.00300932
0.17916 0.119428 0.00394951
0.178623 0.0461258 0.0031765
0.178087 0.113198 0.00380964
0.177553 0.176561 0.0051044
0.17702 0.0948801 0.0036412
0.176489 0.140033 0.00461454
0.17596 0.0479662 0.00398674
0.175432 0.00285735 0.00294985
0.174905 0.00989256 0.00287415
0.174381 -0.00236519 0.00241518
0.173858 -0.0180683 0.00178205
0.173336 -0.017104 0.00211697
0.172816 0.0156042 0.00295465
0.172298 0.0835348 0.00427266
0.171781 0.0835348 0.00501123
0.171265 0.133171 0.00432896
0.170752 0.0909668 0.00402954
0.170239 0.0822071 0.00354981
0.169729 0.012036 0.00283437
0.169219 -0.0163661 0.00213666
0.168712 0.00623885 0.00280715
0.168206 0.00489533 0.00264836
0.167701 0.0291002 0.00380774
0.167198 0.033642 0.00308896
0.166696 0.0469523 0.0038544
0.166196 0.0953856 0.00422541
0.165698 0.107076 0.0046757
0.165201 0.0330941 0.00325798
0.164705 0.0794023 0.00424981
0.164211 0.0299891 0.0033275
0.163718 0.0299891 0.00494332
0.163227 0.00459816 0.00242118
0.162737 -0.00214871 0.00240206
0.162249 -0.0063333 0.00239602
0.161762 -0.0222696 0.00190938
0.161277 -0.011383 0.00194033
0.160793 -0.0195752 0.00223828
0.160311 -0.0235934 0.00185287
0.15983 -0.0197177 0.00174629
0.15935 -0.018843 0.00166254
0.158872 -0.0195642 0.00183725
0.158396 -0.0196602 0.00169027
0.157921 -0.02031 0.00183776
0.157447 -0.0199627 0.00224635
0.156974 -0.0215313 0.0019174
0.156504 -0.028063 0.00176628
0.156034 0.000386659 0.0025174
0.155566 0.0130313 0.00298375
0.155099 -0.0201992 0.00220731
0.154634 -0.0232519 0.00211599
0.15417 -0.0338168 0.00197737
0.153708 -0.0434209 0.00200157
0.153246 -0.0432549 0.00183653
0.152787 -0.0499743 0.00140096
0.152328 -0.0616144 0.00149469
0.151871 -0.0475545 0.00192388
0.151416 -0.0430457 0.00203692
0.150961 -0.0173972 0.00249148
0.150509 0.0842577 0.00422997
0.150057 0.0749984 0.00389857
0.149607 0.0647289 0.00395424
0.149158 0.1021 0.00494082
0.148711 0.0487713 0.00308269
0.148264 0.00958245 0.00322514
0.14782 0.00589822 0.00303623
0.147376 0.0133161 0.00302024
0.146934 -0.0031416 0.00285716
0.146493 -0.00774318 0.00245809
0.146054 -0.0161185 0.00257269
0.145616 -0.0161185 0.00357332
0.145179 -0.0205152 0.00235604
0.144743 -0.0357558 0.00241261
0.144309 -0.0224227 0.00262367
0.143876 0.0253142 0.00294356
0.143444 -0.00334858 0.00263272
0.143014 -0.00199779 0.00283171
0.142585 -0.0367414 0.00206944
0.142157 -0.0633229 0.00171403
0.141731 -0.0589868 0.00213132
0.141306 -0.0610318 0.00184145
0.140882 -0.0623386 0.00149275
0.140459 -0.0657644 0.00168161
0.140038 -0.0488085 0.00209671
0.139618 -0.0410677 0.00210999
0.139199 -0.0535398 0.00163287
0.138781 -0.0470727 0.0014519
0.138365 -0.0399421 0.00143088
0.13795 -0.0266609 0.00128848
0.137536 -0.0309354 0.00148696
0.137123 -0.0331509 0.00153473
0.136712 -0.0358063 0.00158455
0.136302 -0.030385 0.00182284
0.135893 -0.0361093 0.00189203
0.135485 -0.0201425 0.0023222
0.135079 -0.0204859 0.00195981
0.134674 0.00810881 0.00313
0.134269 0.0157685 0.00307555
0.133867 -0.0152547 0.00218501
0.133465 -0.0201619 0.00211672
0.133065 -0.0150084 0.00221828
0.132665 -0.026407 0.00196866
0.132267 -0.0281043 0.00181828
0.131871 -0.0280911 0.00156104
0.131475 -0.0285568 0.00177078
0.131081 -0.0257052 0.00151693
0.130687 -0.0241339 0.00159215
0.130295 -0.0270013 0.00157085
0.129904 -0.0119974 0.00157076
0.129515 -0.0227489 0.00142841
0.129126 -0.00992747 0.00138453
0.128739 -0.0225337 0.00145095
0.128353 -0.0240916 0.00163248
0.127968 -0.0309474 0.00150834
0.127584 -0.025422 0.00150201
0.127201 -0.0292582 0.00168847
0.126819 -0.0315939 0.00189164
0.126439 -0.0355345 0.00192408
0.12606 -0.0421125 0.00164894
0.125681 -0.0340541 0.00123013
0.125304 -0.0270599 0.00157559
0.124928 -0.0245755 0.0014303
0.124554 -0.0123513 0.00146484
0.12418 -0.000379826 0.00123573
0.123807 0.00952726 0.00140626
0.123436 0.00235027 0.00131645
0.123066 0.00235027 0.00130987
0.122696 -0.0193287 0.00143409
0.122328 -0.0199911 0.00132874
0.121961 -0.0302121 0.00153501
0.121596 -0.0330055 0.00184271
0.121231 -0.0286748 0.00170637
0.120867 -0.0256335 0.00160669
0.120504 -0.0325274 0.00150443
0.120143 -0.0325274 0.00160743
0.119782 -0.0295438 0.00159113
0.119423 -0.0178593 0.00153739
0.119065 -0.0260879 0.00151302
0.118708 -0.0253967 0.00195597
0.118352 -0.0299685 0.00188435
0.117996 -0.0231103 0.00171491
0.117643 -0.0271433 0.0017766
0.11729 -0.0244856 0.00226135
0.116938 -0.0317276 0.00178651
0.116587 -0.0215862 0.00201114
0.116237 -0.0317799 0.00184485
0.115888 -0.0244409 0.00192953
0.115541 -0.0105467 0.00260933
0.115194 -0.00748597 0.00250625
0.114849 0.00478816 0.00239326
0.114504 -0.01123 0.00252535
0.114161 0.000255569 0.00242258
0.113818 -0.0150934 0.00241823
0.113477 -0.0198618 0.00203306
0.113136 -0.0236976 0.00212927
0.112797 -0.0309533 0.0019551
0.112458 -0.0293215 0.00171391
0.112121 -0.0333516 0.00133973
0.111785 -0.0333516 0.00173107
0.111449 -0.0333516 0.00143251
0.111115 -0.0340556 0.00165261
0.110782 -0.0313586 0.00140282
0.110449 -0.0212079 0.00141804
0.110118 -0.00519579 0.00138861
0.109788 -0.0200648 0.00169874
0.109458 -0.016473 0.00169605
0.10913 -0.0179249 0.00135027
0.108802 -0.0194095 0.00152031
0.108476 -0.0171937 0.00169819
0.108151 -0.0129442 0.00160747
0.107826 -0.0195814 0.00151342
0.107503 -0.0137965 0.00168185
0.10718 -0.0165615 0.00140345
0.106859 -0.0185287 0.00161648
0.106538 -0.0239385 0.00144994
0.106218 -0.0178928 0.00144305
0.1059 -0.0264503 0.00154689
0.105582 -0.0350471 0.00172673
0.105265 -0.0315237 0.00144369
0.104949 -0.0223926 0.00138578
0.104635 -0.0223926 0.00133494
0.104321 -0.0158875 0.00149741
0.104008 -0.023401 0.00147152
0.103696 -0.0217531 0.00148178
0.103385 -0.0236167 0.00146981
0.103075 -0.0141112 0.00140825
0.102765 -0.00735518 0.00151658
0.102457 0.0066932 0.00130898
0.10215 0.0164223 0.00143768
0.101843 0.00244164 0.00141438
0.101538 0.00193684 0.00143421
0.101233 -0.0109065 0.00139033
0.100929 -0.0193689 0.0017495
0.100627 -0.0211283 0.001755
0.100325 -0.0201608 0.00164427
0.100024 -0.0132387 0.00211622
0.0997236 -0.0131696 0.00207817
0.0994244 -0.0131696 0.00244032
0.0991262 -0.00200694 0.00245518
0.0988288 0.0137232 0.00278735
0.0985323 0.0301573 0.00303867
0.0982367 0.0129396 0.00260562
0.097942 0.0270769 0.00308768
0.0976482 0.0124886 0.00276253
0.0973552 -7.11133e-05 0.00245674
0.0970632 -0.00499427 0.00213402
0.096772 0.00762974 0.00278612
0.0964817 0.0123205 0.00291855
0.0961922 0.00475936 0.00280858
0.0959036 0.0235989 0.0029104
0.0956159 0.0401605 0.00404679
0.0953291 0.020569 0.00283957
0.0950431 0.0108149 0.00302368
0.094758 0.0222624 0.00326301
0.0944737 0.050233 0.00358104
0.0941903 0.0613916 0.00431596
0.0939077 0.0622922 0.00377893
0.093626 0.0622922 0.00409465
0.0933451 0.063884 0.00399621
0.0930651 0.0815882 0.00372803
0.0927859 0.0815882 0.00401487
0.0925075 0.104103 0.00413799
0.09223 0.104103 0.00526914
0.0919533 0.0776525 0.00410965
0.0916774 0.0810781 0.00419659
0.0914024 0.0737796 0.0035131
0.0911282 0.0620007 0.00418534
0.0908548 0.0664194 0.00405997
0.0905822 0.100422 0.00428299
0.0903105 0.100422 0.00487908
0.0900396 0.124544 0.0049582
0.0897694 0.0891849 0.00415059
0.0895001 0.0853672 0.00407315
0.0892316 0.0723488 0.00434615
0.0889639 0.0754398 0.00352861
0.088697 0.0709549 0.00382648
0.088431 0.0524483 0.0034896
0.0881657 0.0447601 0.00387951
0.0879012 0.0300781 0.00302931
0.0876375 0.0479676 0.00335179
0.0873746 0.0281405 0.00351767
0.0871124 0.0554554 0.00380426
0.0868511 0.02468 0.00336075
0.0865905 0.0255177 0.00348078
0.0863308 0.0286565 0.00273402
0.0860718 0.0269781 0.00291838
0.0858136 0.0421937 0.00343078
0.0855561 0.0500606 0.00347822
0.0852994 0.0742321 0.00385917
0.0850436 0.0742321 0.00420189
0.0847884 0.0851913 0.00334308
0.0845341 0.089191 0.00407884
0.0842805 0.0699041 0.00391602
0.0840276 0.0741717 0.00339413
0.0837755 0.0455262 0.00347113
0.0835242 0.0702732 0.00432534
0.0832736 0.0492889 0.00395392
0.0830238 0.0407846 0.00325047
0.0827747 0.0407846 0.00362909
0.0825264 0.0290342 0.00305045
0.0822788 0.022889 0.0026397
0.082032 0.017464 0.00264486
0.0817859 0.017464 0.00272951
0.0815405 0.0184049 0.00302955
0.0812959 0.00719516 0.0024975
0.081052 0.0333556 0.00343089
0.0808089 0.0333556 0.00387774
0.0805665 0.056267 0.00352675
0.0803248 0.0485808 0.00351793
0.0800838 0.0526629 0.00349784
0.0798435 0.0236926 0.00289095
0.079604 0.0236926 0.00350002
0.0793652 0.0453026 0.00329728
0.0791271 0.0455485 0.00331857
0.0788897 0.0451367 0.00332893
0.078653 0.0438672 0.00302512
0.0784171 0.0264125 0.00305089
0.0781818 0.0174254 0.0029556
0.0779473 0.0156087 0.00257172
0.0777134 0.0282299 0.00323141
0.0774803 0.0281658 0.00293098
0.0772479 0.0329321 0.00342978
0.0770161 0.0472049 0.00332656
0.0767851 0.0717879 0.00321514
0.0765547 0.120284 0.00442796
0.076325 0.120284 0.00485806
0.0760961 0.091061 0.00373357
0.0758678 0.110231 0.00416908
0.0756402 0.0970815 0.00397232
0.0754133 0.0791764 0.00349716
0.075187 0.104708 0.00423364
0.0749615 0.103869 0.00431954
0.0747366 0.125934 0.00416169
0.0745124 0.125934 0.00503903
0.0742888 0.0771053 0.00421191
0.074066 0.0512536 0.00332138
0.0738438 0.040887 0.00312075
0.0736222 0.0217862 0.00295603
0.0734014 0.0217862 0.00321256
0.0731812 0.0537653 0.00365089
0.0729616 0.0629556 0.00408033
0.0727427 0.0442629 0.00335021
0.0725245 0.0578563 0.00332855
0.0723069 0.0300429 0.00320225
0.07209 0.0503949 0.00332631
0.0718737 0.0503949 0.00362185
0.0716581 0.0639083 0.00314041
0.0714431 0.0790114 0.00374153
0.0712288 0.0656223 0.0035739
0.0710151 0.0459313 0.0035018
0.0708021 0.0343314 0.00328317
0.0705897 0.0535771 0.00350937
0.0703779 0.0477124 0.00345096
0.0701668 0.0408213 0.00298767
0.0699563 0.0514997 0.00330402
0.0697464 0.0536826 0.00316422
0.0695372 0.0414692 0.00347683
0.0693286 0.0427208 0.0035555
0.0691206 0.0704512 0.00370001
0.0689132 0.0852486 0.00472132
0.0687065 0.0619191 0.00331496
0.0685003 0.0728166 0.00431973
0.0682948 0.0829707 0.00378093
0.06809 0.0665839 0.00372818
0.0678857 0.0630304 0.00321639
0.067682 0.0874646 0.00382219
0.067479 0.0763183 0.00327065
0.0672766 0.0458516 0.00379327
0.0670747 0.0567967 0.00402479
0.0668735 0.0651068 0.00377613
0.0666729 0.0746994 0.00384503
0.0664729 0.0527756 0.00383056
0.0662734 0.0309516 0.00280928
0.0660746 0.0284854 0.00354436
0.0658764 0.0184616 0.00283558
0.0656788 0.0128536 0.00295954
0.0654817 0.0351845 0.00305125
0.0652853 0.0397221 0.00341101
0.0650894 0.0272366 0.00335365
0.0648942 0.0205883 0.00297794
0.0646995 0.0129746 0.00272426
0.0645054 0.0188171 0.0029392
0.0643119 0.0188171 0.00305747
0.0641189 0.0119437 0.00310964
0.0639266 0.00312648 0.00278938
0.0637348 0.00673159 0.00270483
0.0635436 0.00886048 0.00228572
0.063353 0.00859536 0.00250051
0.0631629 0.00235844 0.00226972
0.0629734 0.0109288 0.00274587
0.0627845 0.00889841 0.00241275
0.0625961 0.00486519 0.00250222
0.0624083 -7.83897e-05 0.00272244
0.0622211 0.0153288 0.00313811
0.0620345 0.00320105 0.00253083
0.0618484 0.000625351 0.00259384
0.0616628 0.00111959 0.0024818
0.0614778 -0.00716062 0.0022138
0.0612934 -0.00203476 0.00279781
0.0611095 -0.00486542 0.00240593
0.0609262 -0.00850606 0.00227518
0.0607434 -0.0122463 0.00192478
0.0605612 -0.0179209 0.00179507
0.0603795 -0.012371 0.00180927
0.0601983 -0.0152958 0.00222878
0.0600178 -0.0178482 0.00210722
0.0598377 -0.00883707 0.00188485
0.0596582 -0.0133663 0.00188838
0.0594792 -0.0142225 0.00172584
0.0593008 -0.0142225 0.0019057
0.0591229 -0.0142225 0.00218182
0.0589455 -0.0101934 0.00228963
0.0587687 -0.0124964 0.00222543
0.0585924 -0.0124964 0.00229479
0.0584166 -0.0160339 0.00197474
0.0582413 -0.0143866 0.00188276
0.0580666 -0.0138795 0.00197715
0.0578924 -0.0160985 0.00165259
0.0577187 -0.0110544 0.00212212
0.0575456 -0.0146097 0.00182803
0.0573729 -0.015191 0.00213957
0.0572008 -0.0161081 0.00232095
0.0570292 -0.0142086 0.00230844
0.0568581 -0.00829894 0.002031
0.0566876 -0.0151853 0.00179593
0.0565175 -0.0242245 0.00153067
0.0563479 -0.0184658 0.00176246
0.0561789 -0.0180002 0.00154641
0.0560104 -0.0146688 0.00151628
0.0558423 -0.0167393 0.00187058
0.0556748 -0.0170777 0.00176068
0.0555078 -0.0206086 0.00149911
0.0553413 -0.0173638 0.00163496
0.0551752 -0.0176083 0.00184294
0.0550097 -0.0190698 0.00170004
0.0548447 -0.0190698 0.0017282
0.0546801 -0.0198754 0.00214374
0.0545161 -0.0214296 0.00166437
0.0543526 -0.0202122 0.00154357
0.0541895 -0.0181879 0.00194514
0.0540269 -0.0192877 0.00148356
0.0538648 -0.0149606 0.00183111
0.0537033 -0.0185725 0.00142233
0.0535421 -0.0183997 0.00148223
0.0533815 -0.0169857 0.00184189
0.0532214 -0.0138075 0.00168298
0.0530617 -0.0131282 0.00147424
0.0529025 -0.0142254 0.00155368
0.0527438 -0.0133918 0.00184089
0.0525856 -0.0153024 0.00176212
0.0524278 -0.0186077 0.00177065
0.0522705 -0.0170801 0.0016568
0.0521137 -0.0127376 0.00204436
0.0519574 -0.00921681 0.00206624
0.0518015 -0.016751 0.00215794
0.0516461 -0.0164616 0.00185634
0.0514912 -0.0141569 0.00198434
0.0513367 -0.0135293 0.0019088
0.0511827 -0.0107523 0.00245499
0.0510291 -0.0107523 0.00212374
0.0508761 -0.0119234 0.00206931
0.0507234 -0.0181827 0.00201798
0.0505713 -0.0136461 0.00189257
0.0504195 -0.0136461 0.00244844
0.0502683 -0.0135625 0.00180367
0.0501175 -0.0223369 0.00170185
0.0499671 -0.0211365 0.00183682
0.0498172 -0.0146278 0.00184843
0.0496678 -0.017311 0.00155442
0.0495188 -0.0222029 0.00158921
0.0493702 -0.0228488 0.00182228
0.0492221 -0.0211392 0.00168715
0.0490744 -0.0124654 0.00173907
0.0489272 -0.0146946 0.00150232
0.0487804 -0.0165952 0.00179182
0.0486341 -0.0156784 0.00150716
0.0484882 -0.0115663 0.00144357
0.0483427 -0.0184375 0.00154696
0.0481977 -0.0121847 0.00155875
0.0480531 -0.0159911 0.00178408
0.0479089 -0.0171499 0.00162999
0.0477652 -0.0191669 0.00183729
0.0476219 -0.0191669 0.00156118
0.0474791 -0.0184338 0.0015166
0.0473366 -0.0157305 0.00174657
0.0471946 -0.0177416 0.00159859
0.047053 -0.0153565 0.00172616
0.0469119 -0.0212574 0.00189838
0.0467711 -0.0223442 0.00166239
0.0466308 -0.0208619 0.00152246
0.0464909 -0.0211212 0.00151803
0.0463515 -0.0217691 0.00186819
0.0462124 -0.0231184 0.00154857
0.0460738 -0.0217454 0.00171961
0.0459355 -0.0176582 0.00191767
0.0457977 -0.017465 0.00181141
0.0456603 -0.0166881 0.00152435
0.0455234 -0.0203379 0.00144162
0.0453868 -0.0177582 0.00174763
0.0452506 -0.0192947 0.00168795
0.0451149 -0.0194399 0.00191204
0.0449795 -0.0250093 0.00167575
0.0448446 -0.0241451 0.00155775
0.0447101 -0.02515 0.00187161
0.0445759 -0.0201429 0.00153511
0.0444422 -0.0203297 0.00198716
0.0443089 -0.0223964 0.00166495
0.0441759 -0.0253728 0.00156898
0.0440434 -0.0192156 0.00185005
0.0439113 -0.0193791 0.00181717
0.0437796 -0.0197966 0.00187706
0.0436482 -0.0222128 0.00174283
0.0435173 -0.0212248 0.00185242
0.0433867 -0.018737 0.00207059
0.0432566 -0.0189267 0.00167952
0.0431268 -0.0228379 0.00161144
0.0429974 -0.0234634 0.00152316
0.0428684 -0.022846 0.00156167
0.0427398 -0.01934 0.00163005
0.0426116 -0.0207973 0.0016262
0.0424838 -0.019893 0.00159898
0.0423563 -0.0182895 0.00169327
0.0422292 -0.015759 0.00150063
0.0421026 -0.016372 0.00163804
0.0419762 -0.0218704 0.00153053
0.0418503 -0.0206301 0.00142795
0.0417248 -0.0197034 0.00175492
0.0415996 -0.0189834 0.00180983
0.0414748 -0.02156 0.00167307
0.0413504 -0.0191591 0.00189902
0.0412263 -0.0231488 0.00206102
0.0411026 -0.021005 0.00203342
0.0409793 -0.0221453 0.00179611
0.0408564 -0.0185894 0.00162693
0.0407338 -0.0206996 0.00201629
0.0406116 -0.0206996 0.00195632
0.0404898 -0.0173543 0.00183515
0.0403683 -0.0193884 0.00186387
0.0402472 -0.0217192 0.00172855
0.0401265 -0.0199443 0.00141877
0.0400061 -0.0202876 0.0017719
0.0398861 -0.0208475 0.00186992
0.0397664 -0.0183224 0.00178938
0.0396471 -0.0169829 0.00185394
0.0395282 -0.0168281 0.00208594
0.0394096 -0.0193475 0.00188097
0.0392914 -0.0188416 0.00184837
0.0391735 -0.0192824 0.00160299
0.039056 -0.0188087 0.00176446
0.0389388 -0.017521 0.00188884
0.038822 -0.017452 0.00169089
0.0387055 -0.0158555 0.00164252
0.0385894 -0.0113279 0.00154299
0.0384736 -0.0147877 0.00151451
0.0383582 -0.0140463 0.00152998
0.0382431 -0.0171362 0.00150412
0.0381284 -0.0150386 0.00150697
0.038014 -0.012873 0.00133011
0.0379 -0.0194214 0.00158626
0.0377863 -0.0132509 0.0015349
0.0376729 -0.0136975 0.00154544
0.0375599 -0.0133147 0.00162211
0.0374472 -0.0157635 0.00141592
0.0373349 -0.0112492 0.0015378
0.0372229 -0.00982218 0.00156109
0.0371112 -0.00907492 0.00135822
0.0369999 -0.00621084 0.00147352
0.0368889 -0.00753502 0.00151401
0.0367782 -0.00899662 0.00151108
0.0366679 -0.00382588 0.001399
0.0365579 -0.00222999 0.00133076
0.0364482 -0.00765854 0.00124668
0.0363389 -0.00255961 0.00136944
0.0362298 -0.00877822 0.00140588
0.0361211 -0.00970481 0.00159545
0.0360128 -0.0146241 0.00152495
0.0359047 -0.0135466 0.00132439
0.035797 -0.0107814 0.00145963
0.0356896 -0.0112816 0.00138784
0.0355826 -0.0142184 0.00143078
0.0354758 -0.0181014 0.00166748
0.0353694 -0.0183471 0.00123392
0.0352633 -0.0182084 0.00169247
0.0351575 -0.0145753 0.00158352
0.035052 -0.0149498 0.00170578
0.0349469 -0.0185499 0.00178892
0.034842 -0.0222974 0.0015856
0.0347375 -0.0193515 0.00168139
0.0346333 -0.0194269 0.00157709
0.0345294 -0.0164243 0.00163734
0.0344258 -0.0155553 0.0016187
0.0343225 -0.0117949 0.00156361
0.0342196 -0.0089411 0.00141537
0.0341169 -0.0100766 0.00149651
0.0340145 -0.0111469 0.00152851
0.0339125 -0.010932 0.00168605
0.0338108 -0.00905454 0.00159398
0.0337093 -0.00495176 0.00127699
0.0336082 -0.00149073 0.00148689
0.0335074 -0.00436017 0.00118089
0.0334069 -0.00972916 0.00147558
0.0333066 -0.0115525 0.00143767
0.0332067 -0.0129381 0.00153357
0.0331071 -0.00896563 0.00131634
0.0330078 -0.0141045 0.00156759
0.0329088 -0.0163281 0.00150947
0.03281 -0.01439 0.00144942
0.0327116 -0.00938427 0.00130625
0.0326135 -0.0133694 0.00126535
0.0325156 -0.00989475 0.00170373
0.0324181 -0.0160163 0.0014859
0.0323208 -0.0176148 0.00145976
0.0322239 -0.0152901 0.00134989
0.0321272 -0.0178459 0.00148341
0.0320308 -0.0110623 0.00143671
0.0319347 -0.00962059 0.00126627
0.0318389 -0.0136247 0.00142941
0.0317434 -0.0172814 0.00134326
0.0316482 -0.0208421 0.00133916
0.0315532 -0.0204459 0.00130775
0.0314586 -0.017215 0.00137399
0.0313642 -0.0216319 0.00151702
0.0312701 -0.0229574 0.00134705
0.0311763 -0.0233442 0.00131807
0.0310827 -0.0218921 0.00146632
0.0309895 -0.0180894 0.00127133
0.0308965 -0.0168528 0.00140548
0.0308038 -0.0157007 0.00130878
0.0307114 -0.0198685 0.00141286
0.0306193 -0.0219829 0.00153963
0.0305274 -0.024084 0.00141438
0.0304359 -0.0244461 0.00163194
0.0303445 -0.01947 0.001461
0.0302535 -0.0199394 0.00156558
0.0301628 -0.0222707 0.0012702
0.0300723 -0.0190505 0.00131258
0.029982 -0.020639 0.00129275
0.0298921 -0.0176518 0.00150041
0.0298024 -0.0219438 0.00159511
0.029713 -0.0247232 0.00128999
0.0296239 -0.0236361 0.00151067
0.029535 -0.0297288 0.00131544
0.0294464 -0.0268836 0.00132383
0.0293581 -0.023773 0.00135265
0.02927 -0.0194238 0.00120608
0.0291822 -0.0156799 0.00138578
0.0290946 -0.0132457 0.00126434
0.0290074 -0.0196913 0.0013044
0.0289203 -0.0106707 0.00128787
0.0288336 -0.0151087 0.00112551
0.0287471 -0.0229085 0.00143718
0.0286608 -0.0225656 0.00127298
0.0285748 -0.0202479 0.0014414
0.0284891 -0.0225707 0.00123412
0.0284037 -0.0248268 0.00131388
0.0283184 -0.0290432 0.00135619
0.0282335 -0.0207428 0.00134859
0.0281488 -0.0197387 0.00128948
0.0280643 -0.0240863 0.00146819
0.0279801 -0.0257871 0.00115207
0.0278962 -0.0267693 0.00123666
0.0278125 -0.021969 0.00134556
0.0277291 -0.0207658 0.00145145
0.0276459 -0.0251823 0.00140964
0.027563 -0.027243 0.00128306
0.0274803 -0.0268136 0.00141025
0.0273978 -0.0295684 0.00127925
0.0273156 -0.031333 0.0013444
0.0272337 -0.0273599 0.00141301
0.027152 -0.0275863 0.00143005
0.0270705 -0.0258903 0.00130442
0.0269893 -0.0284749 0.00145457
0.0269083 -0.0329738 0.00136476
0.0268276 -0.0269546 0.0013654
0.0267471 -0.0277857 0.00139126
0.0266669 -0.0265552 0.00149043
0.0265869 -0.0222245 0.00134339
0.0265071 -0.0217065 0.0014462
0.0264276 -0.0203777 0.00122815
0.0263483 -0.0156963 0.00118606
0.0262693 -0.0186009 0.00124148
0.0261905 -0.0186009 0.00128056
0.0261119 -0.0159413 0.00146784
0.0260336 -0.0188532 0.00136948
0.0259555 -0.0254695 0.00147303
0.0258776 -0.0231796 0.00133064
0.0258 -0.0208304 0.00136763
0.0257226 -0.0246992 0.00157622
0.0256454 -0.0271666 0.00136931
0.0255685 -0.029342 0.00153121
0.0254918 -0.0268846 0.00123826
0.0254153 -0.0274244 0.00146425
0.025339 -0.0290695 0.00145714
0.025263 -0.0311847 0.00132426
0.0251872 -0.0327209 0.00157464
0.0251117 -0.0299867 0.00130989
0.0250363 -0.0282314 0.00139334
0.0249612 -0.0323479 0.00120574
0.0248863 -0.0297317 0.00138308
0.0248117 -0.0293825 0.00147342
0.0247373 -0.0321427 0.00138624
0.024663 -0.0325982 0.00137479
0.0245891 -0.031508 0.00127688
0.0245153 -0.0309799 0.00121837
0.0244417 -0.0299704 0.00133301
0.0243684 -0.0299388 0.0014473
0.0242953 -0.0316492 0.00122937
0.0242224 -0.0316492 0.00150803
0.0241498 -0.0317281 0.00129979
0.0240773 -0.0345682 0.00154442
0.0240051 -0.0338341 0.00142682
0.0239331 -0.032656 0.00148037
0.0238613 -0.0315896 0.00138454
0.0237897 -0.0316796 0.00138742
0.0237183 -0.0268835 0.00140037
0.0236472 -0.0299447 0.00134435
0.0235762 -0.0270526 0.0014405
0.0235055 -0.0306738 0.00122899
0.023435 -0.0279823 0.0013435
0.0233647 -0.0245228 0.00136762
0.0232946 -0.0250274 0.00134558
0.0232247 -0.0266151 0.00133049
0.023155 -0.0267942 0.00143
0.0230855 -0.0239834 0.00147209
0.0230163 -0.0263616 0.00160407
0.0229472 -0.0267314 0.00148527
0.0228784 -0.0267225 0.00136957
0.0228098 -0.0281444 0.00153433
0.0227413 -0.0322652 0.00149887
0.0226731 -0.0317997 0.0014504
0.0226051 -0.0288506 0.00158469
0.0225373 -0.0287908 0.00171023
0.0224697 -0.0279813 0.00153294
0.0224023 -0.0287125 0.00151325
0.022335 -0.0287125 0.0013974
0.022268 -0.0258799 0.00151747
0.0222012 -0.0271688 0.00158866
0.0221346 -0.0278653 0.00166784
0.0220682 -0.0295511 0.00161688
0.022002 -0.0286605 0.0014244
0.021936 -0.0299782 0.00129451
0.0218702 -0.0287545 0.00145675
0.0218046 -0.0239425 0.00154877
0.0217392 -0.0292154 0.00149137
0.021674 -0.0278136 0.00155822
0.0216089 -0.0306973 0.00149053
0.0215441 -0.02883 0.00161209
0.0214795 -0.032291 0.00142915
0.021415 -0.0303177 0.00161378
0.0213508 -0.0321622 0.0015638
0.0212868 -0.0296199 0.00155615
0.0212229 -0.0311418 0.00165169
0.0211592 -0.0344517 0.00157929
0.0210957 -0.0343267 0.00173599
0.0210325 -0.0288493 0.00157894
0.0209694 -0.0330834 0.00170755
0.0209065 -0.0301088 0.00135953
0.0208437 -0.032946 0.00157149
0.0207812 -0.0325177 0.00156792
0.0207189 -0.0332721 0.00145662
0.0206567 -0.0332624 0.0016509
0.0205947 -0.0324894 0.00170694
0.0205329 -0.0324894 0.00164407
0.0204713 -0.0322342 0.00167196
0.0204099 -0.0286286 0.00169067
0.0203487 -0.0276691 0.00167585
0.0202877 -0.0309049 0.00161272
0.0202268 -0.0303523 0.00180366
0.0201661 -0.0296144 0.00170207
0.0201056 -0.0292482 0.00185222
0.0200453 -0.0297807 0.00181794
0.0199852 -0.0291035 0.00197798
0.0199252 -0.0317836 0.00161062
0.0198654 -0.0340308 0.0017861
0.0198058 -0.0341739 0.00170235
0.0197464 -0.0327029 0.00162721
0.0196872 -0.034811 0.00164158
0.0196281 -0.0315644 0.00173824
0.0195692 -0.0339198 0.00155365
0.0195105 -0.035165 0.00185824
0.019452 -0.0348651 0.00193528
0.0193936 -0.0335858 0.00182483
0.0193355 -0.0334151 0.00172349
0.0192775 -0.0306393 0.00182244
0.0192196 -0.0354752 0.00167807
0.019162 -0.034961 0.00192448
0.0191045 -0.0319487 0.00169562
0.0190472 -0.0322886 0.00181594
0.01899 -0.0329319 0.00176108
0.018933 -0.0312617 0.00186673
0.0188762 -0.0349547 0.00163804
0.0188196 -0.0349547 0.001728
0.0187632 -0.0349547 0.00181032
0.0187069 -0.0328219 0.00187867
0.0186508 -0.0270191 0.00200378
0.0185948 -0.0305571 0.00219215
0.018539 -0.0270044 0.00172214
0.0184834 -0.0285566 0.00203882
0.0184279 -0.030703 0.00177895
0.0183727 -0.0331041 0.00195099
0.0183175 -0.0331041 0.0016694
0.0182626 -0.0310717 0.00209125
0.0182078 -0.0289221 0.00174456
0.0181532 -0.0286944 0.00194065
0.0180987 -0.0251389 0.00203886
0.0180444 -0.029397 0.00195171
0.0179903 -0.0301783 0.00197949
0.0179363 -0.0257999 0.00201243
0.0178825 -0.0257999 0.00206837
0.0178289 -0.0236372 0.00204882
0.0177754 -0.0298825 0.00191843
0.0177221 -0.0298825 0.00213805
0.0176689 -0.0231402 0.00202729
0.0176159 -0.0261398 0.00197423
0.017563 -0.0238713 0.00197215
0.0175103 -0.021505 0.00231354
0.0174578 -0.0212621 0.00187571
0.0174054 -0.0247804 0.00216636
0.0173532 -0.0281425 0.0020185
0.0173012 -0.0263264 0.00211046
0.0172493 -0.022847 0.00195173
0.0171975 -0.028912 0.00214392
0.0171459 -0.0266928 0.00197723
0.0170945 -0.0258905 0.00221112
0.0170432 -0.0278778 0.00206335
0.0169921 -0.0300093 0.00168649
0.0169411 -0.0296901 0.00189427
0.0168903 -0.0319898 0.00175868
0.0168396 -0.0339766 0.00183756
0.0167891 -0.0288931 0.00185833
0.0167387 -0.0309024 0.00189404
0.0166885 -0.0333135 0.0018784
0.0166384 -0.0340601 0.00183921
0.0165885 -0.0336052 0.0019506
0.0165387 -0.0328896 0.00184639
0.0164891 -0.0321624 0.00201674
0.0164397 -0.0336363 0.00177915
0.0163903 -0.0336363 0.00194968
0.0163412 -0.0350143 0.00205072
0.0162922 -0.0314366 0.00232833
0.0162433 -0.0321926 0.00193809
0.0161945 -0.029645 0.00188174
0.016146 -0.0342523 0.00191739
0.0160975 -0.0348954 0.00229991
0.0160492 -0.0347127 0.00200338
0.0160011 -0.0318993 0.0018339
0.0159531 -0.0346671 0.00176489
0.0159052 -0.03192 0.00169242
0.0158575 -0.0366599 0.00192533
0.0158099 -0.0313008 0.00221084
0.0157625 -0.0372498 0.00201879
0.0157152 -0.0348159 0.0019069
0.0156681 -0.0344948 0.00172868
0.0156211 -0.033085 0.00178807
0.0155742 -0.0384666 0.00164045
0.0155275 -0.0381747 0.00172111
0.0154809 -0.036684 0.00180125
0.0154345 -0.036684 0.00191562
0.0153882 -0.036684 0.00172474
0.015342 -0.033886 0.00175083
0.015296 -0.0406608 0.0017862
0.0152501 -0.0373016 0.00155354
0.0152043 -0.0383337 0.00204744
0.0151587 -0.0383337 0.00211492
0.0151132 -0.0388151 0.00182072
0.0150679 -0.0367064 0.00176828
0.0150227 -0.0388163 0.00167879
0.0149776 -0.0359848 0.00175919
0.0149327 -0.0388285 0.00151313
0.0148879 -0.0388285 0.00165695
0.0148432 -0.0383758 0.0016915
0.0147987 -0.0369408 0.00169984
0.0147543 -0.0350753 0.00175535
0.01471 -0.0400375 0.00150831
0.0146659 -0.0378321 0.00146696
0.0146219 -0.037396 0.00158351
0.014578 -0.0379764 0.00172966
0.0145343 -0.0386717 0.00173878
0.0144907 -0.0345662 0.00173409
0.0144472 -0.0368372 0.00172346
0.0144039 -0.0362843 0.00172462
0.0143607 -0.0379737 0.00199132
0.0143176 -0.0347616 0.00173772
0.0142746 -0.038195 0.00193587
0.0142318 -0.0310357 0.00196515
0.0141891 -0.0370451 0.00168099
0.0141466 -0.0356275 0.00181088
0.0141041 -0.0362574 0.00163298
0.0140618 -0.0345483 0.00219212
0.0140196 -0.035914 0.00198102
0.0139776 -0.0395053 0.00176614
0.0139356 -0.0380903 0.00171767
0.0138938 -0.0375004 0.00160379
0.0138521 -0.037869 0.00189522
0.0138106 -0.0348856 0.00219779
0.0137692 -0.0359349 0.0018332
0.0137278 -0.0402681 0.00174187
0.0136867 -0.0335402 0.0018459
0.0136456 -0.032607 0.00167131
0.0136047 -0.0345267 0.00158547
0.0135639 -0.0340929 0.00160352
0.0135232 -0.0327933 0.00197647
0.0134826 -0.0308744 0.00176188
0.0134421 -0.0349903 0.001689
0.0134018 -0.0337954 0.001564
0.0133616 -0.0325405 0.00190142
0.0133215 -0.0323615 0.0017117
0.0132816 -0.0369254 0.00182283
0.0132417 -0.0366836 0.00193315
0.013202 -0.0344965 0.00179999
0.0131624 -0.0377164 0.00186963
0.0131229 -0.0393006 0.00165688
0.0130835 -0.0387044 0.00155466
0.0130443 -0.0387044 0.00157138
0.0130051 -0.0325071 0.00173319
0.0129661 -0.0371659 0.0016754
0.0129272 -0.0395418 0.00193427
0.0128885 -0.0393807 0.00178989
0.0128498 -0.0393299 0.00139774
0.0128112 -0.0358455 0.00151576
0.0127728 -0.0390111 0.00179179
0.0127345 -0.0352784 0.00171456
0.0126963 -0.0375482 0.00172279
0.0126582 -0.0375482 0.0016801
0.0126202 -0.0361703 0.00176456
0.0125824 -0.0370905 0.00197577
0.0125446 -0.0356758 0.00182708
0.012507 -0.0359415 0.00155823
0.0124695 -0.0359415 0.00164412
0.012432 -0.0350645 0.00170848
0.0123948 -0.0363197 0.00164164
0.0123576 -0.0373264 0.00143928
0.0123205 -0.0346244 0.00162948
0.0122835 -0.0358321 0.0016491
0.0122467 -0.0354185 0.00175965
0.0122099 -0.0345047 0.00166691
0.0121733 -0.0354522 0.00161707
0.0121368 -0.0365846 0.00184541
0.0121004 -0.0366214 0.00155975
0.0120641 -0.0369953 0.00170608
0.0120279 -0.0373115 0.00181392
0.0119918 -0.0319824 0.00152383
0.0119558 -0.0347134 0.00185007
0.01192 -0.0357842 0.00179596
0.0118842 -0.0345826 0.00165498
0.0118486 -0.0367201 0.0018777
0.011813 -0.0370263 0.00163823
0.0117776 -0.0390816 0.00162764
0.0117422 -0.0367105 0.00178013
0.011707 -0.0357214 0.00174541
0.0116719 -0.0355515 0.00218143
0.0116369 -0.0381252 0.00173806
0.011602 -0.0399185 0.00166457
0.0115672 -0.0352236 0.00169514
0.0115325 -0.0398345 0.00173672
0.0114979 -0.0377734 0.00157353
0.0114634 -0.0390727 0.00160698
0.011429 -0.0382637 0.00127829
0.0113947 -0.0364297 0.00161953
0.0113605 -0.0393091 0.0015599
0.0113264 -0.0359703 0.00152408
0.0112924 -0.0401678 0.00148838
0.0112586 -0.0373379 0.0015164
0.0112248 -0.0346083 0.00156814
0.0111911 -0.0350153 0.0015888
0.0111575 -0.0390619 0.00159762
0.0111241 -0.037223 0.00164372
0.0110907 -0.0370692 0.00169084
0.0110574 -0.0424583 0.00150388
0.0110242 -0.0424583 0.00159974
0.0109912 -0.037256 0.00178439
0.0109582 -0.0392055 0.00164967
0.0109253 -0.040479 0.00165488
0.0108926 -0.040479 0.00167906
0.0108599 -0.0380505 0.00162434
0.0108273 -0.0404376 0.00156784
0.0107948 -0.0373668 0.0014473
0.0107624 -0.0387652 0.00134619
0.0107301 -0.0387652 0.00171231
0.010698 -0.0384991 0.0017707
0.0106659 -0.0352648 0.00179544
0.0106339 -0.0367851 0.00156089
0.010602 -0.0372701 0.00167494
0.0105702 -0.036426 0.00147525
0.0105384 -0.0367132 0.00173461
0.0105068 -0.0356905 0.00177212
0.0104753 -0.0390765 0.00157048
0.0104439 -0.0390765 0.00167206
0.0104125 -0.0390765 0.00133017
0.0103813 -0.0368839 0.00171411
0.0103502 -0.0362208 0.00172617
0.0103191 -0.0376634 0.00134893
0.0102882 -0.0369775 0.00161959
0.0102573 -0.0362158 0.00161447
0.0102265 -0.0362158 0.0015664
0.0101958 -0.0362158 0.00167874
0.0101653 -0.0346742 0.00143479
0.0101348 -0.0340574 0.00167877
0.0101044 -0.0359483 0.00141196
0.010074 -0.0332208 0.0017147
0.0100438 -0.0378444 0.00148811
0.0100137 -0.0358306 0.00160338
