2 0.622649 0.339836
1.994 1.10155 0.282303
1.98802 0.634141 0.201399
1.98205 0.634141 0.201399
1.97611 0.876466 0.238776
1.97018 0.876466 0.238776
1.96427 1.15134 0.129695
1.95838 1.15134 0.129695
1.9525 1.04837 0.943489
1.94664 1.04837 0.943489
1.9408 1.04837 0.943489
1.93498 1.04837 0.943489
1.92918 1.28186 1.16788
1.92339 0.838531 0.511768
1.91762 0.592978 1.31141
1.91187 0.361588 0.46291
1.90613 0.361588 0.46291
1.90041 0.361588 0.46291
1.89471 0.361588 0.46291
1.88903 0.789527 0.311946
1.88336 1.0465 0.0846608
1.87771 1.36424 0.10745
1.87208 1.36424 0.10745
1.86646 0.939346 0.40773
1.86086 0.630706 0.466005
1.85528 0.214966 0.35412
1.84971 0.392786 0.0732786
1.84416 0.392786 0.0732786
1.83863 0.58894 0.22678
1.83311 0.931361 0.518454
1.82762 0.77828 1.15123
1.82213 0.700754 0.537193
1.81667 0.957943 1.00251
1.81122 0.601325 1.22023
1.80578 0.809197 0.794132
1.80036 0.67627 0.127827
1.79496 0.536968 0.218152
1.78958 0.982597 0.607819
1.78421 0.766022 0.762198
1.77886 0.766022 0.762198
1.77352 0.662615 0.205864
1.7682 0.662615 0.205864
1.7629 0.39323 0.959966
1.75761 0.721491 1.32197
1.75233 0.888778 1.28307
1.74708 0.888778 1.28307
1.74184 0.465188 1.15094
1.73661 0.465188 1.15094
1.7314 0.465188 1.15094
1.72621 0.465188 1.15094
1.72103 0.465188 1.15094
1.71586 0.465188 1.15094
1.71072 0.465188 1.15094
1.70559 0.465188 1.15094
1.70047 0.856939 1.01397
1.69537 0.856939 1.01397
1.69028 0.800887 1.211
1.68521 1.2082 0.43688
1.68015 0.823455 0.860363
1.67511 0.918339 0.250363
1.67009 1.23043 0.573475
1.66508 1.23043 0.573475
1.66008 1.23043 0.573475
1.6551 1.40026 0.0407658
1.65014 1.06191 0.200795
1.64519 0.663825 0.361164
1.64025 0.719037 0.753955
1.63533 0.92457 0.744541
1.63042 0.92457 0.744541
1.62553 1.32045 0.822999
1.62066 1.19571 0.743487
1.61579 1.19571 0.743487
1.61095 1.30264 0.367879
1.60611 1.40289 0.265299
1.6013 1.7208 0.575538
1.59649 1.5529 0.933058
1.5917 1.46955 0.274475
1.58693 1.07799 0.229473
1.58217 1.07799 0.229473
1.57742 1.13537 0.106106
1.57269 1.02443 0.310451
1.56797 1.11674 0.101669
1.56327 1.45214 0.36896
1.55858 1.45214 0.36896
1.5539 1.45214 0.36896
1.54924 1.45214 0.36896
1.54459 1.38235 0.546812
1.53996 1.31117 0.341978
1.53534 1.34997 0.235108
1.53073 1.18404 0.204464
1.52614 1.18404 0.204464
1.52156 1.0133 0.586209
1.517 1.0133 0.586209
1.51245 1.01318 0.849121
1.50791 1.24345 0.771035
1.50338 0.939711 0.351847
1.49887 0.939711 0.351847
1.49438 0.950335 0.0985899
1.48989 0.834689 0.456498
1.48542 0.776579 0.440571
1.48097 0.682077 0.493054
1.47653 0.713017 0.233629
1.4721 0.580018 0.673623
1.46768 0.580018 0.673623
1.46328 0.865482 0.935036
1.45889 1.04884 0.946893
1.45451 0.719399 0.509839
1.45015 0.404115 0.271112
1.4458 0.699482 0.197947
1.44146 0.642943 0.398982
1.43713 0.847651 0.442737
1.43282 0.668381 0.0270169
1.42852 0.893206 0.521631
1.42424 0.582983 0.0232217
1.41997 0.931752 0.357598
1.41571 1.02782 0.247532
1.41146 0.905679 0.109456
1.40722 0.786736 0.179417
1.403 1.06442 0.24796
1.39879 1.06997 0.639757
1.3946 1.06997 0.639757
1.39041 1.06997 0.639757
1.38624 0.943908 0.800376
1.38208 0.808738 0.451886
1.37794 0.476486 0.277673
1.3738 0.359469 0.390781
1.36968 0.359469 0.390781
1.36557 0.543003 0.295405
1.36148 0.765418 0.0276294
1.35739 0.484065 0.49687
1.35332 0.483966 1.04014
1.34926 0.548327 1.0932
1.34521 0.548327 1.0932
1.34118 0.548327 1.0932
1.33715 0.835017 0.60475
1.33314 0.835017 0.60475
1.32914 1.03149 1.10659
1.32516 1.2853 0.727759
1.32118 1.33793 0.616616
1.31722 1.33793 0.616616
1.31326 1.33793 0.616616
1.30932 1.1285 0.902458
1.3054 1.1285 0.902458
1.30148 1.09708 0.258126
1.29758 0.902071 0.215238
1.29368 0.882316 0.64036
1.2898 1.0916 0.718254
1.28593 1.0916 0.718254
1.28207 1.0916 0.718254
1.27823 1.0916 0.718254
1.27439 1.0916 0.718254
1.27057 1.27382 0.461347
1.26676 1.27382 0.461347
1.26296 1.27382 0.461347
1.25917 1.27382 0.461347
1.25539 0.997596 0.161005
1.25163 0.839123 0.557909
1.24787 1.04398 0.0974762
1.24413 0.962057 0.142023
1.2404 1.22624 0.395458
1.23667 1.05903 0.114898
1.23296 1.20517 0.722658
1.22927 1.43143 0.110903
1.22558 1.32918 0.369545
1.2219 1.37999 0.754557
1.21824 1.07748 1.05007
1.21458 0.798104 0.780956
1.21094 0.515953 0.827548
1.2073 0.515953 0.827548
1.20368 0.681021 1.12579
1.20007 0.681021 1.12579
1.19647 0.681021 1.12579
1.19288 0.681021 1.12579
1.1893 0.753888 1.01115
1.18573 0.711491 0.523806
1.18218 0.807122 1.07012
1.17863 0.716099 1.11608
1.1751 0.716099 1.11608
1.17157 0.816669 0.746348
1.16806 0.816669 0.746348
1.16455 0.873476 0.540464
1.16106 0.804294 0.118954
1.15757 0.607149 0.126134
1.1541 0.607149 0.126134
1.15064 0.321319 0.416493
1.14719 0.430738 0.461762
1.14375 0.430738 0.461762
1.14031 0.695083 0.521055
1.13689 0.722191 0.0305473
1.13348 0.759332 0.2875
1.13008 0.955198 0.524519
1.12669 0.968764 0.407736
1.12331 0.94494 0.699114
1.11994 0.860268 1.23889
1.11658 0.844232 1.1907
1.11323 0.844232 1.1907
1.10989 0.654388 1.00711
1.10656 0.59185 0.669339
1.10324 0.407025 1.16163
1.09993 0.629387 0.985947
1.09663 0.858383 0.662539
1.09334 0.973586 0.724135
1.09006 0.831431 0.247494
1.08679 0.917759 0.738688
1.08353 1.1857 0.300941
1.08028 0.927335 0.218689
1.07704 1.14933 0.351244
1.07381 1.23086 0.231814
1.07059 1.23086 0.231814
1.06738 1.24225 0.480683
1.06418 1.24225 0.480683
1.06098 1.31097 0.417553
1.0578 1.21221 0.512966
1.05463 1.14309 0.611481
1.05146 1.14309 0.611481
1.04831 0.894864 0.940643
1.04516 0.735391 0.515406
1.04203 0.731066 0.091368
1.0389 0.54275 0.498711
1.03579 0.561431 0.626707
1.03268 0.544936 0.586697
1.02958 0.544936 0.586697
1.02649 0.740652 0.283298
1.02341 0.972874 0.567998
1.02034 0.972874 0.567998
1.01728 0.988424 0.67303
1.01423 0.901588 0.550014
1.01119 0.867681 0.280146
1.00815 0.879377 0.0799417
1.00513 0.918626 0.162772
1.00211 1.11613 0.000929458
0.999106 1.11557 0.205937
0.996109 1.2122 0.023013
0.99312 0.976643 0.319043
0.990141 0.792246 0.172907
0.987171 0.885378 0.608313
0.984209 0.885378 0.608313
0.981256 0.692792 0.463867
0.978313 0.692792 0.463867
0.975378 0.692792 0.463867
0.972452 0.498395 0.580641
0.969534 0.389915 0.796521
0.966626 0.389915 0.796521
0.963726 0.359108 0.967705
0.960835 0.4606 0.934611
0.957952 0.4606 0.934611
0.955078 0.439471 0.727507
0.952213 0.439471 0.727507
0.949356 0.417732 0.818891
0.946508 0.392422 0.606331
0.943669 0.479334 0.76129
0.940838 0.599385 0.504271
0.938015 0.474606 0.591733
0.935201 0.474606 0.591733
0.932396 0.474606 0.591733
0.929598 0.551161 0.387415
0.92681 0.732375 0.550587
0.924029 0.957855 0.855688
0.921257 0.862313 0.720208
0.918493 0.804144 0.905041
0.915738 0.804144 0.905041
0.912991 0.804144 0.905041
0.910252 0.67963 1.11988
0.907521 0.7991 1.35814
0.904798 0.763183 0.916998
0.902084 0.706012 1.05733
0.899378 0.713729 0.664522
0.89668 0.690358 0.85017
0.89399 0.843328 0.68845
0.891308 0.843328 0.68845
0.888634 1.0397 0.310842
0.885968 0.867199 0.557981
0.88331 0.998835 0.769507
0.88066 0.998835 0.769507
0.878018 1.09057 0.446399
0.875384 1.13217 0.145837
0.872758 1.19561 0.361864
0.870139 1.03876 0.344729
0.867529 1.0581 0.0407068
0.864926 1.0435 0.00636186
0.862332 0.828052 0.268165
0.859745 0.672972 0.173332
0.857165 0.459475 0.159206
0.854594 0.559835 0.390404
0.85203 0.476806 0.138185
0.849474 0.413355 0.371449
0.846926 0.602265 0.474136
0.844385 0.701583 0.477394
0.841852 0.532195 0.895745
0.839326 0.532195 0.895745
0.836808 0.701924 0.646888
0.834298 0.720249 0.505943
0.831795 0.548037 0.79823
0.829299 0.548037 0.79823
0.826812 0.670918 0.470519
0.824331 0.670918 0.470519
0.821858 0.697519 0.852035
0.819393 0.697519 0.852035
0.816934 0.697519 0.852035
0.814484 0.632341 1.02332
0.81204 0.751083 0.636501
0.809604 0.751083 0.636501
0.807175 0.751083 0.636501
0.804754 0.765968 0.86384
0.802339 0.765968 0.86384
0.799932 0.84733 0.507027
0.797533 1.01985 0.721926
0.79514 0.84852 0.793667
0.792755 0.84852 0.793667
0.790376 0.731303 0.975993
0.788005 0.838857 0.598656
0.785641 0.838857 0.598656
0.783284 0.845079 0.270273
0.780934 1.03798 0.106473
0.778592 1.14327 0.225951
0.776256 1.14327 0.225951
0.773927 1.10106 0.0297284
0.771605 1.13605 0.0967424
0.76929 1.17023 0.194336
0.766983 1.12741 0.18323
0.764682 0.956193 0.515335
0.762388 1.06258 0.611994
0.7601 0.980344 0.337317
0.75782 0.980344 0.337317
0.755547 1.10213 0.534042
0.75328 1.10213 0.534042
0.75102 0.916567 0.68575
0.748767 0.86471 0.492489
0.746521 0.69065 0.600676
0.744281 0.629867 0.899256
0.742048 0.662228 0.76297
0.739822 0.55504 0.894674
0.737603 0.52509 0.997995
0.73539 0.480902 0.712546
0.733184 0.449158 0.668299
0.730984 0.609878 0.783585
0.728791 0.609878 0.783585
0.726605 0.609878 0.783585
0.724425 0.780776 0.64853
0.722252 0.780776 0.64853
0.720085 0.780776 0.64853
0.717925 0.921581 0.460406
0.715771 0.846194 0.504765
0.713624 0.845742 0.412258
0.711483 0.711061 0.207073
0.709348 0.646684 0.524479
0.70722 0.593316 0.464331
0.705099 0.566545 0.351404
0.702983 0.716822 0.108589
0.700874 0.891616 0.0904423
0.698772 0.945319 0.14721
0.696676 0.928634 0.402927
0.694586 0.899162 0.666572
0.692502 0.865143 0.547051
0.690424 0.699445 0.40362
0.688353 0.567154 0.741646
0.686288 0.597493 0.753966
0.684229 0.631243 0.8443
0.682176 0.631243 0.8443
0.68013 0.515064 0.505528
0.678089 0.368164 0.380712
0.676055 0.516826 0.396937
0.674027 0.516826 0.396937
0.672005 0.584058 0.654546
0.669989 0.71225 0.400807
0.667979 0.698169 0.553219
0.665975 0.691482 0.510798
0.663977 0.64081 0.247695
0.661985 0.508342 0.550444
0.659999 0.508342 0.550444
0.658019 0.508342 0.550444
0.656045 0.508342 0.550444
0.654077 0.509791 0.254321
0.652115 0.509791 0.254321
0.650158 0.572618 0.00507203
0.648208 0.687526 0.262803
0.646263 0.828121 0.303596
0.644325 0.861849 0.183489
0.642392 0.7952 0.0880553
0.640464 0.837434 0.230096
0.638543 0.682796 0.106169
0.636627 0.738276 0.0615997
0.634717 0.689844 0.0790061
0.632813 0.773959 0.233172
0.630915 0.810243 0.267738
0.629022 0.704579 0.271414
0.627135 0.704579 0.271414
0.625254 0.839138 0.14055
0.623378 0.977466 0.104173
0.621508 0.977466 0.104173
0.619643 1.07105 0.312805
0.617784 0.979371 0.619227
0.615931 0.891032 0.807397
0.614083 0.891032 0.807397
0.612241 0.891032 0.807397
0.610404 0.891032 0.807397
0.608573 0.891032 0.807397
0.606747 1.0099 0.614559
0.604927 0.9503 0.884992
0.603112 0.9503 0.884992
0.601303 0.9503 0.884992
0.599499 0.811198 0.679214
0.597701 0.68038 0.66907
0.595907 0.604099 0.886768
0.59412 0.604099 0.886768
0.592337 0.473388 0.908389
0.59056 0.473388 0.908389
0.588789 0.510393 0.972364
0.587022 0.510393 0.972364
0.585261 0.510393 0.972364
0.583505 0.405673 0.866431
0.581755 0.405673 0.866431
0.58001 0.49832 0.970617
0.57827 0.596636 0.903658
0.576535 0.692543 0.635737
0.574805 0.701601 0.525051
0.573081 0.840572 0.336866
0.571362 0.842484 0.137077
0.569647 0.964135 0.00304988
0.567939 1.07052 0.120175
0.566235 1.02735 0.145135
0.564536 1.16697 0.10553
0.562842 1.23074 0.379717
0.561154 1.36245 0.244146
0.55947 1.33339 0.190519
0.557792 1.36524 0.286228
0.556119 1.42149 0.0313849
0.55445 1.42149 0.0313849
0.552787 1.33655 0.0798697
0.551129 1.33655 0.0798697
0.549475 1.38618 0.143333
0.547827 1.28945 0.0122479
0.546183 1.35417 0.210151
0.544545 1.26359 0.141265
0.542911 1.26359 0.141265
0.541282 1.2091 0.270398
0.539658 1.25185 0.393855
0.53804 1.25185 0.393855
0.536425 1.17235 0.453849
0.534816 1.06134 0.638296
0.533212 0.957427 0.527897
0.531612 0.957427 0.527897
0.530017 0.953233 0.37535
0.528427 0.900088 0.124227
0.526842 0.880715 0.234799
0.525261 0.941177 0.142318
0.523686 0.959078 0.220782
0.522115 0.987892 0.213446
0.520548 0.918883 0.166959
0.518987 1.00282 0.182877
0.51743 0.912139 0.0351749
0.515877 0.836994 0.0775244
0.51433 0.830989 0.0602416
0.512787 0.750503 0.172302
0.511248 0.751938 0.363772
0.509715 0.853272 0.574792
0.508185 0.7421 0.742612
0.506661 0.702131 0.782501
0.505141 0.609724 0.730667
0.503625 0.609724 0.730667
0.502115 0.687456 0.628919
0.500608 0.661067 0.472651
0.499106 0.597426 0.708708
0.497609 0.595847 0.768137
0.496116 0.643319 0.900774
0.494628 0.559531 0.75763
0.493144 0.559531 0.75763
0.491665 0.559531 0.75763
0.49019 0.520047 0.75686
0.488719 0.614572 0.923929
0.487253 0.672685 0.790237
0.485791 0.554827 0.553229
0.484334 0.661374 0.693146
0.482881 0.652658 0.638166
0.481432 0.603818 0.584446
0.479988 0.497257 0.558772
0.478548 0.417847 0.479553
0.477112 0.384747 0.48051
0.475681 0.455441 0.45118
0.474254 0.518276 0.568754
0.472831 0.518276 0.568754
0.471413 0.490317 0.741611
0.469998 0.562722 0.928864
0.468588 0.67403 0.804034
0.467183 0.733839 0.97081
0.465781 0.643324 1.16679
0.464384 0.643324 1.16679
0.462991 0.621322 0.990251
0.461602 0.602538 0.882216
0.460217 0.673826 0.773418
0.458836 0.708004 0.621067
0.45746 0.660767 0.739662
0.456087 0.591689 0.563051
0.454719 0.581792 0.395974
0.453355 0.615667 0.549863
0.451995 0.615667 0.549863
0.450639 0.637614 0.347542
0.449287 0.72853 0.438686
0.447939 0.65515 0.630315
0.446595 0.607863 0.812745
0.445255 0.607863 0.812745
0.44392 0.607863 0.812745
0.442588 0.498591 0.889351
0.44126 0.498591 0.889351
0.439936 0.498591 0.889351
0.438616 0.429221 0.861563
0.437301 0.440439 0.990414
0.435989 0.426843 0.787789
0.434681 0.40547 0.674225
0.433377 0.40547 0.674225
0.432077 0.40547 0.674225
0.43078 0.480114 0.551361
0.429488 0.433048 0.525876
0.4282 0.486295 0.721762
0.426915 0.486295 0.721762
0.425634 0.492825 0.715834
0.424357 0.407743 0.586615
0.423084 0.39815 0.45451
0.421815 0.352684 0.555335
0.42055 0.352684 0.555335
0.419288 0.405538 0.540073
0.41803 0.405538 0.540073
0.416776 0.380993 0.510932
0.415526 0.386374 0.348493
0.414279 0.386374 0.348493
0.413036 0.369385 0.277829
0.411797 0.349775 0.297713
0.410562 0.349775 0.297713
0.40933 0.434831 0.177688
0.408102 0.471184 0.209075
0.406878 0.499912 0.32199
0.405657 0.476428 0.278573
0.40444 0.403614 0.28125
0.403227 0.488315 0.340993
0.402017 0.54864 0.472687
0.400811 0.5599 0.485541
0.399609 0.602518 0.617588
0.39841 0.638012 0.584029
0.397215 0.558198 0.478797
0.396023 0.56004 0.663008
0.394835 0.609903 0.582048
0.39365 0.634902 0.773468
0.392469 0.653553 0.644251
0.391292 0.7372 0.497094
0.390118 0.704393 0.393946
0.388948 0.749287 0.499637
0.387781 0.749287 0.499637
0.386618 0.778077 0.383356
0.385458 0.847247 0.214608
0.384301 0.909559 0.108656
0.383148 0.815553 0.0269571
0.381999 0.745732 0.0644887
0.380853 0.81037 0.225248
0.37971 0.888663 0.305578
0.378571 0.809364 0.253265
0.377436 0.742296 0.306668
0.376303 0.703488 0.232029
0.375174 0.733169 0.236584
0.374049 0.707595 0.144642
0.372927 0.711141 0.224471
0.371808 0.751754 0.332837
0.370693 0.699827 0.313171
0.36958 0.661597 0.2672
0.368472 0.617749 0.400607
0.367366 0.622054 0.219225
0.366264 0.546697 0.380901
0.365165 0.546697 0.380901
0.36407 0.546697 0.380901
0.362978 0.519259 0.329191
0.361889 0.519259 0.329191
0.360803 0.578073 0.426
0.359721 0.578073 0.426
0.358642 0.635141 0.31724
0.357566 0.635545 0.486467
0.356493 0.635545 0.486467
0.355423 0.61415 0.593852
0.354357 0.537647 0.544826
0.353294 0.593121 0.721116
0.352234 0.556747 0.724298
0.351177 0.502761 0.692443
0.350124 0.588833 0.815938
0.349074 0.66278 0.684958
0.348026 0.709629 0.681555
0.346982 0.778199 0.6664
0.345941 0.767735 0.539768
0.344904 0.767735 0.539768
0.343869 0.767735 0.539768
0.342837 0.714678 0.621676
0.341809 0.758159 0.516328
0.340783 0.681907 0.362561
0.339761 0.74164 0.318025
0.338742 0.822007 0.15861
0.337725 0.87257 0.0578486
0.336712 0.922845 0.0482295
0.335702 0.923159 0.0188178
0.334695 0.860673 0.183657
0.333691 0.80111 0.202223
0.33269 0.88023 0.105816
0.331692 0.89794 0.0317772
0.330697 0.884596 0.108451
0.329705 0.809392 0.146334
0.328715 0.881694 0.0333538
0.327729 0.814682 0.0525052
0.326746 0.757494 0.130855
0.325766 0.730193 0.0621535
0.324789 0.701068 0.181597
0.323814 0.74244 0.272202
0.322843 0.806504 0.244025
0.321874 0.874495 0.161838
0.320909 0.813003 0.181628
0.319946 0.876432 0.179782
0.318986 0.853542 0.256085
0.318029 0.842302 0.395327
0.317075 0.898663 0.240961
0.316124 0.944306 0.243027
0.315175 0.97565 0.168313
0.31423 1.03429 0.29475
0.313287 1.04248 0.20588
0.312347 1.07532 0.0876771
0.31141 1.13233 0.214541
0.310476 1.13233 0.214541
0.309545 1.0686 0.153059
0.308616 1.0612 0.238345
0.30769 1.0177 0.131424
0.306767 1.03572 0.143587
0.305847 1.00427 0.134622
0.304929 1.00427 0.134622
0.304014 1.00427 0.134622
0.303102 1.04802 0.215566
0.302193 1.015 0.313197
0.301287 0.975405 0.316455
0.300383 1.04859 0.206799
0.299482 1.02926 0.0590775
0.298583 1.00272 0.0014255
0.297687 0.990963 0.131293
0.296794 1.06226 0.0433003
0.295904 1.10524 0.070987
0.295016 1.10085 0.167358
0.294131 1.08855 0.0651914
0.293249 1.08335 0.0581279
0.292369 1.09664 0.169764
0.291492 1.14752 0.04974
0.290617 1.17184 0.0945518
0.289746 1.16913 0.169318
0.288876 1.19286 0.102564
0.28801 1.20129 0.0135238
0.287146 1.23562 0.0915646
0.286284 1.28227 0.067932
0.285425 1.28227 0.067932
0.284569 1.21172 0.08468
0.283715 1.21172 0.08468
0.282864 1.17965 0.124775
0.282016 1.13944 0.0505332
0.28117 1.12083 0.0727623
0.280326 1.11129 0.0182427
0.279485 1.04542 0.101791
0.278647 0.986616 0.185331
0.277811 0.956875 0.186848
0.276977 1.00784 0.239038
0.276146 1.02654 0.133396
0.275318 1.00863 0.096357
0.274492 1.02548 0.172084
0.273668 1.03936 0.297986
0.272847 0.986062 0.393258
0.272029 0.959904 0.439001
0.271213 0.986255 0.311179
0.270399 0.985307 0.284059
0.269588 1.01876 0.345196
0.268779 1.02363 0.21852
0.267973 0.994856 0.275082
0.267169 0.999901 0.193076
0.266367 0.969603 0.103237
0.265568 1.0171 0.120025
0.264772 0.987932 0.0795745
0.263977 1.04359 0.16714
0.263185 1.03526 0.295758
0.262396 1.04116 0.276997
0.261609 1.02508 0.177726
0.260824 1.05742 0.152189
0.260041 1.08243 0.105968
0.259261 1.07128 0.0465911
0.258483 1.13452 0.038651
0.257708 1.07059 0.066959
0.256935 1.07059 0.066959
0.256164 1.01351 0.0681263
0.255396 1.01241 0.112596
0.254629 1.05339 0.10275
0.253866 1.0082 0.177852
0.253104 0.963787 0.146262
0.252345 0.919302 0.251338
0.251588 0.961817 0.269007
0.250833 0.984307 0.196868
0.25008 1.03945 0.281094
0.24933 1.04495 0.335623
0.248582 1.03766 0.355266
0.247836 1.04737 0.246664
0.247093 1.06664 0.205424
0.246352 1.08782 0.32138
0.245613 1.07357 0.28176
0.244876 1.11298 0.207179
0.244141 1.08963 0.286764
0.243409 1.15005 0.296682
0.242678 1.20955 0.318689
0.24195 1.21863 0.285379
0.241225 1.21863 0.285379
0.240501 1.18387 0.319563
0.239779 1.18387 0.319563
0.23906 1.18387 0.319563
0.238343 1.15785 0.230458
0.237628 1.18919 0.170095
0.236915 1.16637 0.231297
0.236204 1.13416 0.266644
0.235496 1.1214 0.353901
0.234789 1.1214 0.353901
0.234085 1.15495 0.30507
0.233382 1.13717 0.354454
0.232682 1.1632 0.425386
0.231984 1.1632 0.425386
0.231288 1.12183 0.405316
0.230594 1.11713 0.507971
0.229903 1.11713 0.507971
0.229213 1.07725 0.582347
0.228525 1.02765 0.548567
0.22784 1.04671 0.487516
0.227156 1.03971 0.378809
0.226475 1.0014 0.337702
0.225795 1.03997 0.306114
0.225118 0.98639 0.237866
0.224443 0.935583 0.299068
0.223769 0.922453 0.316904
0.223098 0.877349 0.361297
0.222429 0.91497 0.295183
0.221761 0.887337 0.215551
0.221096 0.894472 0.112648
0.220433 0.914158 0.190498
0.219771 0.913596 0.195498
0.219112 0.864715 0.251194
0.218455 0.915109 0.178536
0.217799 0.886794 0.277853
0.217146 0.860466 0.284762
0.216495 0.878237 0.206758
0.215845 0.836641 0.238624
0.215198 0.791482 0.165306
0.214552 0.785462 0.158795
0.213908 0.807373 0.0843463
0.213267 0.86039 0.159725
0.212627 0.85661 0.0815162
0.211989 0.891722 0.0487517
0.211353 0.892135 0.135941
0.210719 0.908116 0.0774246
0.210087 0.93731 0.0231132
0.209457 0.956521 0.0424013
0.208828 0.994381 0.00472301
0.208202 1.00305 0.0801359
0.207577 0.973844 0.00596044
0.206954 0.949817 0.0653974
0.206333 0.911414 0.0970077
0.205714 0.905254 0.191181
0.205097 0.916618 0.278479
0.204482 0.963342 0.23222
0.203869 0.966789 0.294152
0.203257 1.0035 0.34917
0.202647 0.988482 0.421408
0.202039 0.95672 0.509123
0.201433 0.944432 0.581536
0.200829 0.934039 0.528716
0.200226 0.920477 0.439897
0.199626 0.947741 0.393014
0.199027 0.908497 0.350412
0.19843 0.943867 0.315721
0.197834 0.955244 0.354383
0.197241 0.955244 0.354383
0.196649 0.95423 0.394067
0.196059 0.977456 0.400807
0.195471 0.987839 0.420886
0.194885 0.959345 0.499103
0.1943 0.928773 0.536249
0.193717 0.885112 0.467094
0.193136 0.847289 0.554934
0.192557 0.885345 0.585993
0.191979 0.899117 0.585418
0.191403 0.870265 0.625228
0.190829 0.822756 0.614064
0.190256 0.816622 0.593674
0.189685 0.770067 0.596048
0.189116 0.803625 0.642738
0.188549 0.828877 0.682358
0.187983 0.812365 0.755416
0.187419 0.812365 0.755416
0.186857 0.775164 0.805736
0.186297 0.734209 0.82955
0.185738 0.734209 0.82955
0.185181 0.758836 0.897689
0.184625 0.758836 0.897689
0.184071 0.758836 0.897689
0.183519 0.758836 0.897689
0.182968 0.75966 0.915982
0.182419 0.800172 0.866784
0.181872 0.812966 0.839988
0.181327 0.812966 0.839988
0.180783 0.85811 0.766128
0.18024 0.833504 0.676568
0.1797 0.83699 0.665555
0.17916 0.869817 0.714764
0.178623 0.843208 0.684717
0.178087 0.883336 0.697364
0.177553 0.919195 0.696315
0.17702 0.89251 0.658717
0.176489 0.893251 0.703646
0.17596 0.871138 0.641129
0.175432 0.863119 0.573675
0.174905 0.898422 0.489878
0.174381 0.911018 0.419523
0.173858 0.872614 0.376214
0.173336 0.885404 0.408418
0.172816 0.910271 0.49236
0.172298 0.941242 0.565426
0.171781 0.941242 0.565426
0.171265 0.972063 0.568128
0.170752 0.944843 0.567743
0.170239 0.941148 0.569538
0.169729 0.913087 0.485769
0.169219 0.886215 0.427639
0.168712 0.917591 0.437796
0.168206 0.939056 0.384083
0.167701 0.97838 0.366904
0.167198 0.995481 0.33591
0.166696 0.980759 0.397316
0.166196 0.993764 0.465453
0.165698 0.967762 0.537198
0.165201 0.930678 0.493673
0.164705 0.937085 0.566969
0.164211 0.901803 0.560129
0.163718 0.901803 0.560129
0.163227 0.888462 0.533808
0.162737 0.868317 0.53999
0.162249 0.887928 0.477162
0.161762 0.873505 0.403051
0.161277 0.911696 0.384227
0.160793 0.877088 0.44746
0.160311 0.867032 0.384689
0.15983 0.886722 0.312751
0.15935 0.869272 0.297725
0.158872 0.890616 0.271197
0.158396 0.891313 0.316822
0.157921 0.890051 0.335036
0.157447 0.884336 0.389171
0.156974 0.865005 0.414915
0.156504 0.841852 0.454291
0.156034 0.880539 0.517104
0.155566 0.896835 0.514033
0.155099 0.864139 0.471494
0.154634 0.845412 0.510909
0.15417 0.817697 0.549433
0.153708 0.796644 0.573185
0.153246 0.790497 0.534169
0.152787 0.769356 0.526658
0.152328 0.759064 0.601337
0.151871 0.78704 0.54495
0.151416 0.78552 0.612016
0.150961 0.81414 0.635994
0.150509 0.851199 0.708824
0.150057 0.840729 0.719127
0.149607 0.852796 0.6961
0.149158 0.870518 0.699486
0.148711 0.854707 0.668382
0.148264 0.853387 0.601921
0.14782 0.826839 0.648982
0.147376 0.834705 0.636335
0.146934 0.800067 0.687773
0.146493 0.777896 0.718393
0.146054 0.799774 0.663875
0.145616 0.799774 0.663875
0.145179 0.777999 0.694793
0.144743 0.759661 0.707335
0.144309 0.754615 0.737306
0.143876 0.786683 0.744803
0.143444 0.755939 0.755253
0.143014 0.784783 0.720886
0.142585 0.764915 0.695496
0.142157 0.7401 0.67526
0.141731 0.742032 0.679657
0.141306 0.743195 0.678936
0.140882 0.751473 0.634014
0.140459 0.747718 0.588901
0.140038 0.768453 0.651896
0.139618 0.780437 0.629755
0.139199 0.783472 0.562543
0.138781 0.786039 0.516842
0.138365 0.796872 0.488574
0.13795 0.777599 0.431442
0.137536 0.805671 0.437417
0.137123 0.812159 0.454604
0.136712 0.803391 0.483641
0.136302 0.835598 0.46419
0.135893 0.824342 0.518376
0.135485 0.836567 0.549897
0.135079 0.854069 0.489997
0.134674 0.881157 0.527387
0.134269 0.898113 0.52757
0.133867 0.872994 0.468608
0.133465 0.863759 0.449018
0.133065 0.872913 0.455817
0.132665 0.855821 0.427308
0.132267 0.845927 0.440634
0.131871 0.826389 0.426889
0.131475 0.83199 0.43433
0.131081 0.809357 0.435491
0.130687 0.812001 0.413712
0.130295 0.800374 0.418964
0.129904 0.774605 0.391362
0.129515 0.796106 0.413975
0.129126 0.80213 0.35184
0.128739 0.803207 0.399687
0.128353 0.829276 0.395955
0.127968 0.816318 0.455587
0.127584 0.818527 0.411205
0.127201 0.827508 0.449947
0.126819 0.834096 0.468236
0.126439 0.813134 0.52025
0.12606 0.796082 0.517218
0.125681 0.787244 0.455327
0.125304 0.795596 0.427817
0.124928 0.77761 0.431774
0.124554 0.768477 0.404466
0.12418 0.774783 0.36653
0.123807 0.774552 0.341479
0.123436 0.790802 0.325782
0.123066 0.790802 0.325782
0.122696 0.810518 0.379322
0.122328 0.798452 0.401737
0.121961 0.794675 0.442244
0.121596 0.821154 0.49569
0.121231 0.812393 0.439248
0.120867 0.796364 0.426014
0.120504 0.818662 0.464888
0.120143 0.818662 0.464888
0.119782 0.817226 0.431743
0.119423 0.802997 0.390057
0.119065 0.812311 0.426437
0.118708 0.835045 0.461589
0.118352 0.840283 0.497564
0.117996 0.857171 0.448573
0.117643 0.845678 0.478091
0.11729 0.846543 0.53613
0.116938 0.822768 0.505554
0.116587 0.845711 0.485626
0.116237 0.823679 0.52284
0.115888 0.851447 0.467548
0.115541 0.879059 0.464611
0.115194 0.878092 0.503389
0.114849 0.905115 0.461951
0.114504 0.882602 0.470684
0.114161 0.892785 0.498005
0.113818 0.877419 0.46318
0.113477 0.870184 0.467366
0.113136 0.846051 0.497587
0.112797 0.831468 0.485729
0.112458 0.829233 0.437278
0.112121 0.805884 0.452819
0.111785 0.805884 0.452819
0.111449 0.805884 0.452819
0.111115 0.806976 0.47595
0.110782 0.789984 0.449268
0.110449 0.800216 0.401821
0.110118 0.803168 0.347836
0.109788 0.825265 0.389255
0.109458 0.836928 0.350122
0.10913 0.837495 0.348236
0.108802 0.85412 0.331912
0.108476 0.860985 0.340067
0.108151 0.835934 0.309931
0.107826 0.844506 0.339634
0.107503 0.839569 0.321305
0.10718 0.831908 0.338825
0.106859 0.842835 0.355943
0.106538 0.823044 0.400494
0.106218 0.817576 0.381714
0.1059 0.810694 0.421101
0.105582 0.798586 0.464847
0.105265 0.804224 0.44099
0.104949 0.810128 0.402462
0.104635 0.810128 0.402462
0.104321 0.799164 0.378002
0.104008 0.822086 0.404637
0.103696 0.832896 0.370558
0.103385 0.812068 0.403574
0.103075 0.810681 0.365401
0.102765 0.822817 0.32131
0.102457 0.798661 0.310528
0.10215 0.782135 0.299325
0.101843 0.795689 0.319194
0.101538 0.817608 0.279042
0.101233 0.832695 0.312284
0.100929 0.852534 0.337887
0.100627 0.864933 0.380782
0.100325 0.88655 0.34043
0.100024 0.906874 0.327561
0.0997236 0.907974 0.338146
0.0994244 0.907974 0.338146
0.0991262 0.931529 0.367497
0.0988288 0.944107 0.400817
0.0985323 0.963282 0.39792
0.0982367 0.965476 0.366725
0.097942 0.975294 0.35923
0.0976482 0.961156 0.325821
0.0973552 0.957667 0.296492
0.0970632 0.941101 0.309319
0.096772 0.958209 0.309672
0.0964817 0.97039 0.34282
0.0961922 0.951839 0.346587
0.0959036 0.968944 0.374529
0.0956159 0.980896 0.386153
0.0953291 0.966305 0.371966
0.0950431 0.953063 0.382127
0.094758 0.964259 0.373716
0.0944737 0.975975 0.41582
0.0941903 0.9944 0.407218
0.0939077 0.983569 0.446447
0.093626 0.983569 0.446447
0.0933451 0.985584 0.436382
0.0930651 0.992854 0.45555
0.0927859 0.992854 0.45555
0.0925075 1.01277 0.452929
0.09223 1.01277 0.452929
0.0919533 1.01068 0.413343
0.0916774 1.01823 0.390808
0.0914024 1.00523 0.419453
0.0911282 0.994111 0.396266
0.0908548 1.00781 0.384146
0.0905822 1.02295 0.420392
0.0903105 1.02295 0.420392
0.0900396 1.03099 0.436648
0.0897694 1.01392 0.413428
0.0895001 1.00788 0.423529
0.0892316 0.992633 0.429243
0.0889639 1.0148 0.389281
0.088697 1.01101 0.379282
0.088431 0.990298 0.387762
0.0881657 0.990968 0.3728
0.0879012 0.974578 0.379712
0.0876375 0.989976 0.393187
0.0873746 0.982397 0.353474
0.0871124 0.992566 0.393196
0.0868511 0.974781 0.355662
0.0865905 0.961193 0.383538
0.0863308 0.956912 0.41164
0.0860718 0.956631 0.409798
0.0858136 0.963248 0.440912
0.0855561 0.973096 0.445167
0.0852994 0.993935 0.437399
0.0850436 0.993935 0.437399
0.0847884 0.995354 0.455063
0.0845341 0.992648 0.469487
0.0842805 0.981994 0.459896
0.0840276 0.98629 0.451769
0.0837755 0.969061 0.425444
0.0835242 0.981547 0.454859
0.0832736 0.977309 0.424198
0.0830238 0.970461 0.4263
0.0827747 0.970461 0.4263
0.0825264 0.959208 0.419135
0.0822788 0.948176 0.42752
0.082032 0.944043 0.415404
0.0817859 0.944043 0.415404
0.0815405 0.929833 0.449123
0.0812959 0.929669 0.428258
0.081052 0.949335 0.447316
0.0808089 0.949335 0.447316
0.0805665 0.965729 0.466724
0.0803248 0.964772 0.451846
0.0800838 0.96273 0.446944
0.0798435 0.944832 0.441628
0.079604 0.944832 0.441628
0.0793652 0.952207 0.473493
0.0791271 0.947741 0.482443
0.0788897 0.936663 0.512964
0.078653 0.935604 0.506391
0.0784171 0.935627 0.470938
0.0781818 0.928422 0.463143
0.0779473 0.92238 0.480555
0.0777134 0.93264 0.477929
0.0774803 0.92241 0.508443
0.0772479 0.941432 0.474707
0.0770161 0.947685 0.477346
0.0767851 0.960778 0.511674
0.0765547 0.979474 0.534491
0.076325 0.979474 0.534491
0.0760961 0.968642 0.5192
0.0758678 0.984729 0.518289
0.0756402 0.981854 0.490559
0.0754133 0.972585 0.507853
0.075187 0.98317 0.507943
0.0749615 0.967026 0.541686
0.0747366 0.965032 0.56954
0.0745124 0.965032 0.56954
0.0742888 0.947395 0.532944
0.074066 0.94855 0.4966
0.0738438 0.953873 0.462137
0.0736222 0.953325 0.425472
0.0734014 0.953325 0.425472
0.0731812 0.968015 0.441621
0.0729616 0.981067 0.438129
0.0727427 0.963324 0.439781
0.0725245 0.977091 0.439196
0.0723069 0.959983 0.412164
0.07209 0.975533 0.435037
0.0718737 0.975533 0.435037
0.0716581 0.989964 0.439699
0.0714431 0.993387 0.445329
0.0712288 0.988991 0.419615
0.0710151 0.979099 0.413353
0.0708021 0.965023 0.415173
0.0705897 0.975509 0.435896
0.0703779 0.976815 0.422537
0.0701668 0.961646 0.452828
0.0699563 0.95608 0.479199
0.0697464 0.971207 0.450003
0.0695372 0.954546 0.460331
0.0693286 0.946215 0.485567
0.0691206 0.960212 0.495795
0.0689132 0.971944 0.489133
0.0687065 0.965299 0.492619
0.0685003 0.979153 0.474875
0.0682948 0.971498 0.490197
0.06809 0.972818 0.464648
0.0678857 0.960577 0.498555
0.067682 0.96521 0.514339
0.067479 0.970402 0.485997
0.0672766 0.957125 0.466492
0.0670747 0.962477 0.478624
0.0668735 0.962824 0.475258
0.0666729 0.975506 0.471104
0.0664729 0.964979 0.460935
0.0662734 0.955494 0.433216
0.0660746 0.959787 0.410872
0.0658764 0.954273 0.397879
0.0656788 0.940078 0.405679
0.0654817 0.955359 0.43769
0.0652853 0.969929 0.417688
0.0650894 0.955707 0.429603
0.0648942 0.959709 0.400783
0.0646995 0.951823 0.388382
0.0645054 0.964136 0.378532
0.0643119 0.964136 0.378532
0.0641189 0.960545 0.354985
0.0639266 0.945903 0.369103
0.0637348 0.957068 0.358403
0.0635436 0.955039 0.351145
0.063353 0.960598 0.329939
0.0631629 0.967407 0.311007
0.0629734 0.96357 0.329588
0.0627845 0.964642 0.317494
0.0625961 0.950923 0.348004
0.0624083 0.945808 0.336977
0.0622211 0.959442 0.353055
0.0620345 0.948427 0.341501
0.0618484 0.955695 0.330094
0.0616628 0.952151 0.312188
0.0614778 0.943517 0.284774
0.0612934 0.943113 0.311669
0.0611095 0.939389 0.290591
0.0609262 0.930874 0.26871
0.0607434 0.92082 0.249416
0.0605612 0.921549 0.258846
0.0603795 0.928642 0.257902
0.0601983 0.923475 0.279117
0.0600178 0.924733 0.27058
0.0598377 0.932426 0.291554
0.0596582 0.923469 0.292038
0.0594792 0.9231 0.278206
0.0593008 0.9231 0.278206
0.0591229 0.9231 0.278206
0.0589455 0.927686 0.305503
0.0587687 0.921776 0.293964
0.0585924 0.921776 0.293964
0.0584166 0.914434 0.296015
0.0582413 0.917232 0.293842
0.0580666 0.92816 0.278459
0.0578924 0.919786 0.275241
0.0577187 0.926501 0.286663
0.0575456 0.915546 0.291238
0.0573729 0.916226 0.319868
0.0572008 0.913408 0.305532
0.0570292 0.9115 0.31987
0.0568581 0.917069 0.314262
0.0566876 0.904102 0.315618
0.0565175 0.896673 0.301216
0.0563479 0.888858 0.284681
0.0561789 0.884355 0.284171
0.0560104 0.871972 0.283805
0.0558423 0.879379 0.311641
0.0556748 0.866266 0.304837
0.0555078 0.873539 0.309522
0.0553413 0.885929 0.308824
0.0551752 0.886113 0.334312
0.0550097 0.884732 0.357096
0.0548447 0.884732 0.357096
0.0546801 0.876134 0.375891
0.0545161 0.881275 0.360328
0.0543526 0.870853 0.343339
0.0541895 0.88308 0.322152
0.0540269 0.873177 0.306564
0.0538648 0.865533 0.310819
0.0537033 0.85547 0.334761
0.0535421 0.867774 0.317961
0.0533815 0.869238 0.297269
0.0532214 0.872229 0.284436
0.0530617 0.877959 0.266684
0.0529025 0.890808 0.280634
0.0527438 0.8979 0.257563
0.0525856 0.889163 0.271356
0.0524278 0.898466 0.296483
0.0522705 0.89808 0.313389
0.0521137 0.907932 0.299498
0.0519574 0.916617 0.319603
0.0518015 0.914562 0.320655
0.0516461 0.902841 0.312812
0.0514912 0.908863 0.298769
0.0513367 0.921468 0.322455
0.0511827 0.921294 0.346203
0.0510291 0.921294 0.346203
0.0508761 0.911477 0.342882
0.0507234 0.899316 0.362373
0.0505713 0.904026 0.381995
0.0504195 0.904026 0.381995
0.0502683 0.898814 0.377431
0.0501175 0.886531 0.364651
0.0499671 0.890737 0.344013
0.0498172 0.878357 0.320376
0.0496678 0.867687 0.329297
0.0495188 0.856378 0.348739
0.0493702 0.864236 0.343081
0.0492221 0.863586 0.328853
0.0490744 0.855287 0.305374
0.0489272 0.846658 0.313003
0.0487804 0.84444 0.332589
0.0486341 0.850238 0.314069
0.0484882 0.845938 0.298113
0.0483427 0.846395 0.316825
0.0481977 0.848364 0.299479
0.0480531 0.857695 0.316395
0.0479089 0.868457 0.325986
0.0477652 0.860756 0.323823
0.0476219 0.860756 0.323823
0.0474791 0.85171 0.320527
0.0473366 0.845659 0.337215
0.0471946 0.845299 0.340344
0.047053 0.849405 0.350109
0.0469119 0.854514 0.364344
0.0467711 0.844171 0.376558
0.0466308 0.840615 0.359924
0.0464909 0.844872 0.375622
0.0463515 0.845113 0.381355
0.0462124 0.851446 0.3605
0.0460738 0.852144 0.367891
0.0459355 0.842138 0.362414
0.0457977 0.85038 0.348449
0.0456603 0.843475 0.341056
0.0455234 0.853223 0.346442
0.0453868 0.849604 0.349462
0.0452506 0.853398 0.350017
0.0451149 0.849322 0.368054
0.0449795 0.846827 0.383193
0.0448446 0.844088 0.397012
0.0447101 0.850282 0.393185
0.0445759 0.853557 0.38686
0.0444422 0.855809 0.373586
0.0443089 0.863958 0.364785
0.0441759 0.864678 0.375286
0.0440434 0.873593 0.356868
0.0439113 0.873523 0.356832
0.0437796 0.86622 0.359177
0.0436482 0.875427 0.355907
0.0435173 0.871552 0.345099
0.0433867 0.876794 0.350543
0.0432566 0.866699 0.344883
0.0431268 0.86309 0.36515
0.0429974 0.859216 0.362609
0.0428684 0.855755 0.355481
0.0427398 0.865117 0.345531
0.0426116 0.859456 0.354373
0.0424838 0.861282 0.347599
0.0423563 0.864054 0.340456
0.0422292 0.85486 0.331211
0.0421026 0.854084 0.327023
0.0419762 0.856223 0.332404
0.0418503 0.856912 0.350545
0.0417248 0.853832 0.370635
0.0415996 0.8601 0.374837
0.0414748 0.860741 0.362799
0.0413504 0.859065 0.368293
0.0412263 0.858582 0.375225
0.0411026 0.857171 0.372297
0.0409793 0.861644 0.375943
0.0408564 0.862494 0.366777
0.0407338 0.870996 0.375088
0.0406116 0.870996 0.375088
0.0404898 0.864947 0.356535
0.0403683 0.859785 0.354923
0.0402472 0.865118 0.355849
0.0401265 0.860197 0.336141
0.0400061 0.865446 0.349685
0.0398861 0.86831 0.336935
0.0397664 0.876481 0.354836
0.0396471 0.881812 0.347615
0.0395282 0.889949 0.362635
0.0394096 0.886701 0.361506
0.0392914 0.882593 0.344021
0.0391735 0.875326 0.329656
0.039056 0.87301 0.343401
0.0389388 0.87067 0.331168
0.038822 0.862175 0.317262
0.0387055 0.855604 0.321828
0.0385894 0.85412 0.305798
0.0384736 0.847055 0.299907
0.0383582 0.846464 0.315498
0.0382431 0.854429 0.310526
0.0381284 0.854126 0.314243
0.038014 0.845521 0.31489
0.0379 0.851078 0.329818
0.0377863 0.84379 0.318594
0.0376729 0.839923 0.332071
0.0375599 0.8401 0.314646
0.0374472 0.84192 0.323232
0.0373349 0.833638 0.313969
0.0372229 0.834563 0.305179
0.0371112 0.825592 0.323679
0.0369999 0.825635 0.309569
0.0368889 0.826373 0.321662
0.0367782 0.821226 0.326699
0.0366679 0.812148 0.331343
0.0365579 0.808903 0.319851
0.0364482 0.815409 0.324831
0.0363389 0.807544 0.326952
0.0362298 0.81012 0.340778
0.0361211 0.810391 0.344331
0.0360128 0.805205 0.361255
0.0359047 0.806711 0.357408
0.035797 0.809502 0.351637
0.0356896 0.81572 0.344978
0.0355826 0.821201 0.35952
0.0354758 0.82619 0.363023
0.0353694 0.823646 0.366762
0.0352633 0.830431 0.356548
0.0351575 0.834534 0.350342
0.035052 0.840465 0.347405
0.0349469 0.839965 0.361972
0.034842 0.840202 0.375452
0.0347375 0.840767 0.361234
0.0346333 0.840875 0.356863
0.0345294 0.834934 0.357039
0.0344258 0.830457 0.351331
0.0343225 0.822381 0.343543
0.0342196 0.8242 0.327808
0.0341169 0.830714 0.324488
0.0340145 0.828244 0.338243
0.0339125 0.824844 0.340315
0.0338108 0.821251 0.324016
0.0337093 0.815233 0.320668
0.0336082 0.812064 0.308176
0.0335074 0.812993 0.317369
0.0334069 0.815512 0.331323
0.0333066 0.817105 0.345292
0.0332067 0.820028 0.350275
0.0331071 0.822193 0.338471
0.0330078 0.824718 0.345825
0.0329088 0.816756 0.358324
0.03281 0.819396 0.352918
0.0327116 0.818196 0.339962
0.0326135 0.810647 0.354982
0.0325156 0.805666 0.360795
0.0324181 0.805609 0.37384
0.0323208 0.80491 0.384808
0.0322239 0.806387 0.368787
0.0321272 0.806216 0.38075
0.0320308 0.805312 0.36655
0.0319347 0.797358 0.363944
0.0318389 0.804054 0.374921
0.0317434 0.804418 0.389114
0.0316482 0.797058 0.39873
0.0315532 0.797255 0.396171
0.0314586 0.80085 0.387892
0.0313642 0.800582 0.399458
0.0312701 0.80523 0.400582
0.0311763 0.799024 0.415305
0.0310827 0.798292 0.402844
0.0309895 0.797945 0.392431
0.0308965 0.792008 0.397217
0.0308038 0.787661 0.396152
0.0307114 0.794429 0.409183
0.0306193 0.796289 0.418551
0.0305274 0.7985 0.415297
0.0304359 0.805992 0.406012
0.0303445 0.802715 0.397418
0.0302535 0.796714 0.406587
0.0301628 0.797342 0.405486
0.0300723 0.791934 0.399099
0.029982 0.789917 0.411869
0.0298921 0.783649 0.404719
0.0298024 0.781021 0.419067
0.029713 0.781509 0.422462
0.0296239 0.775138 0.436294
0.029535 0.769511 0.44812
0.0294464 0.763313 0.446798
0.0293581 0.760684 0.442953
0.02927 0.759186 0.431267
0.0291822 0.753815 0.420869
0.0290946 0.754211 0.422561
0.0290074 0.753817 0.432374
0.0289203 0.750302 0.421711
0.0288336 0.756381 0.420115
0.0287471 0.759802 0.432763
0.0286608 0.755807 0.439033
0.0285748 0.760944 0.430636
0.0284891 0.766191 0.432801
0.0284037 0.766899 0.442032
0.0283184 0.770661 0.441162
0.0282335 0.766708 0.434188
0.0281488 0.772639 0.421112
0.0280643 0.772699 0.433307
0.0279801 0.777691 0.436576
0.0278962 0.771365 0.44204
0.0278125 0.771759 0.429834
0.0277291 0.775464 0.416866
0.0276459 0.782098 0.428573
0.027563 0.783056 0.432913
0.0274803 0.78511 0.429062
0.0273978 0.786383 0.435919
0.0273156 0.790311 0.444566
0.0272337 0.794529 0.434509
0.027152 0.795742 0.432507
0.0270705 0.797998 0.427803
0.0269893 0.796698 0.432326
0.0269083 0.791596 0.445593
0.0268276 0.791513 0.435471
0.0267471 0.793414 0.432475
0.0266669 0.787563 0.426426
0.0265869 0.784084 0.42133
0.0265071 0.782331 0.416372
0.0264276 0.783144 0.410942
0.0263483 0.780063 0.407166
0.0262693 0.781836 0.416011
0.0261905 0.781836 0.416011
0.0261119 0.776 0.403402
0.0260336 0.781788 0.41405
0.0259555 0.786048 0.425103
0.0258776 0.78264 0.418258
0.0258 0.781044 0.425089
0.0257226 0.782928 0.432079
0.0256454 0.78925 0.432633
0.0255685 0.792658 0.4414
0.0254918 0.797838 0.430445
0.0254153 0.795594 0.438297
0.025339 0.793176 0.44093
0.025263 0.79651 0.438503
0.0251872 0.7976 0.446451
0.0251117 0.792465 0.441502
0.0250363 0.798159 0.435691
0.0249612 0.793447 0.443399
0.0248863 0.794064 0.444584
0.0248117 0.788001 0.445978
0.0247373 0.787967 0.444317
0.024663 0.782731 0.447377
0.0245891 0.783027 0.451877
0.0245153 0.785872 0.439947
0.0244417 0.780758 0.45055
0.0243684 0.784429 0.458471
0.0242953 0.778887 0.446422
0.0242224 0.778887 0.446422
0.0241498 0.781265 0.454707
0.0240773 0.781979 0.45804
0.0240051 0.785956 0.464702
0.0239331 0.789269 0.453746
0.0238613 0.79247 0.447846
0.0237897 0.787559 0.446495
0.0237183 0.784055 0.443645
0.0236472 0.787357 0.439974
0.0235762 0.784469 0.441341
0.0235055 0.786357 0.435775
0.023435 0.790444 0.432776
0.0233647 0.791992 0.427339
0.0232946 0.793536 0.422309
0.0232247 0.794234 0.428046
0.023155 0.799277 0.424289
0.0230855 0.796259 0.416496
0.0230163 0.800756 0.420039
0.0229472 0.805892 0.42244
0.0228784 0.802112 0.426565
0.0228098 0.803625 0.432219
0.0227413 0.806439 0.443106
0.0226731 0.81186 0.435712
0.0226051 0.817245 0.426362
0.0225373 0.812947 0.43394
0.0224697 0.811708 0.430176
0.0224023 0.816061 0.430217
0.022335 0.816061 0.430217
0.022268 0.814451 0.430351
0.0222012 0.813166 0.424738
0.0221346 0.816438 0.422431
0.0220682 0.811195 0.42887
0.022002 0.812233 0.421217
0.021936 0.808271 0.430075
0.0218702 0.811985 0.42235
0.0218046 0.806953 0.422357
0.0217392 0.810711 0.42621
0.021674 0.805786 0.430887
0.0216089 0.804768 0.438165
0.0215441 0.804669 0.440835
0.0214795 0.806338 0.441611
0.021415 0.809764 0.445526
0.0213508 0.811067 0.447087
0.0212868 0.808075 0.445017
0.0212229 0.810227 0.455118
0.0211592 0.811525 0.454475
0.0210957 0.813936 0.462202
0.0210325 0.817706 0.456594
0.0209694 0.818503 0.46489
0.0209065 0.816907 0.454846
0.0208437 0.819588 0.452368
0.0207812 0.815352 0.453718
0.0207189 0.819966 0.459289
0.0206567 0.819973 0.459354
0.0205947 0.815984 0.45112
0.0205329 0.815984 0.45112
0.0204713 0.818528 0.446025
0.0204099 0.822034 0.446314
0.0203487 0.826385 0.450052
0.0202877 0.826017 0.452735
0.0202268 0.829434 0.459568
0.0201661 0.828034 0.456268
0.0201056 0.829783 0.457867
0.0200453 0.83219 0.466258
0.0199852 0.831554 0.464633
0.0199252 0.82755 0.466804
0.0198654 0.828039 0.472956
0.0198058 0.825029 0.479043
0.0197464 0.824406 0.471878
0.0196872 0.822461 0.468007
0.0196281 0.819216 0.475179
0.0195692 0.821908 0.478524
0.0195105 0.82183 0.482463
0.019452 0.822138 0.476775
0.0193936 0.821803 0.482414
0.0193355 0.8217 0.486441
0.0192775 0.821829 0.486705
0.0192196 0.823687 0.484419
0.019162 0.821613 0.480558
0.0191045 0.82622 0.479415
0.0190472 0.829853 0.482873
0.01899 0.827152 0.487328
0.018933 0.829177 0.47951
0.0188762 0.830384 0.480729
0.0188196 0.830384 0.480729
0.0187632 0.830384 0.480729
0.0187069 0.833224 0.48669
0.0186508 0.833212 0.48828
0.0185948 0.837575 0.493069
0.018539 0.841757 0.486277
0.0184834 0.837763 0.483902
0.0184279 0.834135 0.483092
0.0183727 0.832393 0.48277
0.0183175 0.832393 0.48277
0.0182626 0.832995 0.488667
0.0182078 0.835289 0.496326
0.0181532 0.839304 0.489183
0.0180987 0.842136 0.492653
0.0180444 0.843214 0.492547
0.0179903 0.846434 0.494071
0.0179363 0.849337 0.498204
0.0178825 0.849337 0.498204
0.0178289 0.847349 0.499325
0.0177754 0.844564 0.495533
0.0177221 0.844564 0.495533
0.0176689 0.848026 0.491693
0.0176159 0.844055 0.500334
0.017563 0.844682 0.503182
0.0175103 0.846798 0.507846
0.0174578 0.844313 0.501756
0.0174054 0.842992 0.502465
0.0173532 0.838679 0.502293
0.0173012 0.841929 0.503863
0.0172493 0.839743 0.506312
0.0171975 0.838991 0.509307
0.0171459 0.841292 0.507693
0.0170945 0.839272 0.506478
0.0170432 0.83764 0.501687
0.0169921 0.839542 0.497603
0.0169411 0.836123 0.501677
0.0168903 0.831971 0.495038
0.0168396 0.830124 0.496955
0.0167891 0.828306 0.504816
0.0167387 0.827883 0.510804
0.0166885 0.828458 0.516645
0.0166384 0.826347 0.515043
0.0165885 0.82507 0.515348
0.0165387 0.82493 0.516786
0.0164891 0.825516 0.510572
0.0164397 0.828877 0.518032
0.0163903 0.828877 0.518032
0.0163412 0.830388 0.522458
0.0162922 0.828622 0.522461
0.0162433 0.825649 0.526164
0.0161945 0.824572 0.521496
0.016146 0.820806 0.51418
0.0160975 0.821071 0.515052
0.0160492 0.824765 0.51065
0.0160011 0.825487 0.517955
0.0159531 0.825722 0.520455
0.0159052 0.823239 0.516878
0.0158575 0.822205 0.522141
0.0158099 0.82223 0.519093
0.0157625 0.820764 0.513125
0.0157152 0.820295 0.51501
0.0156681 0.818641 0.516603
0.0156211 0.816277 0.523273
0.0155742 0.813041 0.519275
0.0155275 0.816301 0.515164
0.0154809 0.81628 0.507894
0.0154345 0.81628 0.507894
0.0153882 0.81628 0.507894
0.015342 0.817161 0.509658
0.015296 0.813452 0.5165
0.0152501 0.813197 0.519939
0.0152043 0.812556 0.513319
0.0151587 0.812556 0.513319
0.0151132 0.811741 0.508984
0.0150679 0.813741 0.503666
0.0150227 0.810967 0.496752
0.0149776 0.809216 0.490744
0.0149327 0.807206 0.49039
0.0148879 0.807206 0.49039
0.0148432 0.806069 0.493166
0.0147987 0.804561 0.492961
0.0147543 0.807487 0.486394
0.01471 0.806096 0.490877
0.0146659 0.809219 0.49449
0.0146219 0.811272 0.500538
0.014578 0.809949 0.499866
0.0145343 0.811443 0.506643
0.0144907 0.814406 0.509115
0.0144472 0.81538 0.506694
0.0144039 0.812422 0.501168
0.0143607 0.815685 0.504708
0.0143176 0.814085 0.502284
0.0142746 0.817554 0.506663
0.0142318 0.819829 0.513144
0.0141891 0.818287 0.519843
0.0141466 0.817718 0.523731
0.0141041 0.816316 0.519872
0.0140618 0.815266 0.524598
0.0140196 0.815136 0.521009
0.0139776 0.812369 0.520827
0.0139356 0.809265 0.517567
0.0138938 0.809191 0.517669
0.0138521 0.812237 0.516486
0.0138106 0.814266 0.511483
0.0137692 0.813192 0.511204
0.0137278 0.811978 0.506467
0.0136867 0.814736 0.503993
0.0136456 0.81162 0.497298
0.0136047 0.814272 0.496202
0.0135639 0.816467 0.497412
0.0135232 0.817582 0.495824
0.0134826 0.81933 0.49163
0.0134421 0.817703 0.497646
0.0134018 0.819205 0.498442
0.0133616 0.817707 0.493809
0.0133215 0.815114 0.490543
0.0132816 0.813903 0.491253
0.0132417 0.816744 0.490237
0.013202 0.817722 0.484942
0.0131624 0.815439 0.490284
0.0131229 0.815216 0.494079
0.0130835 0.81702 0.496612
0.0130443 0.81702 0.496612
0.0130051 0.816698 0.491688
0.0129661 0.814779 0.497267
0.0129272 0.81235 0.494034
0.0128885 0.811188 0.488362
0.0128498 0.810681 0.490656
0.0128112 0.811809 0.495552
0.0127728 0.813443 0.493803
0.0127345 0.81493 0.490502
0.0126963 0.81436 0.494494
0.0126582 0.81436 0.494494
0.0126202 0.811996 0.492809
0.0125824 0.813041 0.486775
0.0125446 0.815062 0.487018
0.012507 0.813608 0.488131
0.0124695 0.813608 0.488131
0.012432 0.816333 0.490798
0.0123948 0.816676 0.488375
0.0123576 0.816939 0.486456
0.0123205 0.814235 0.487666
0.0122835 0.81501 0.485126
0.0122467 0.81598 0.486814
0.0122099 0.817165 0.487396
0.0121733 0.814701 0.491926
0.0121368 0.813843 0.493699
0.0121004 0.810919 0.497535
0.0120641 0.813878 0.501243
0.0120279 0.816268 0.502162
0.0119918 0.817696 0.496953
0.0119558 0.815329 0.496907
0.01192 0.812586 0.497775
0.0118842 0.814295 0.494639
0.0118486 0.813903 0.494617
0.011813 0.815591 0.499891
0.0117776 0.813823 0.503398
0.0117422 0.811618 0.500082
0.011707 0.811073 0.501491
0.0116719 0.813446 0.499961
0.0116369 0.812319 0.501135
0.011602 0.810301 0.506256
0.0115672 0.810656 0.502002
0.0115325 0.809163 0.496852
0.0114979 0.80908 0.494112
0.0114634 0.810607 0.489794
0.011429 0.808618 0.489334
0.0113947 0.807814 0.485355
0.0113605 0.80947 0.489912
0.0113264 0.809939 0.489938
0.0112924 0.808493 0.494666
0.0112586 0.807291 0.494429
0.0112248 0.80876 0.491207
0.0111911 0.811123 0.48862
0.0111575 0.808465 0.487317
0.0111241 0.80852 0.48946
0.0110907 0.811218 0.48944
0.0110574 0.8088 0.49037
0.0110242 0.8088 0.49037
0.0109912 0.806116 0.493658
0.0109582 0.805336 0.494724
0.0109253 0.803306 0.492518
0.0108926 0.803306 0.492518
0.0108599 0.803793 0.490183
0.0108273 0.805544 0.494688
0.0107948 0.806641 0.48951
0.0107624 0.809238 0.492816
0.0107301 0.809238 0.492816
0.010698 0.806622 0.48872
0.0106659 0.808512 0.483547
0.0106339 0.808768 0.484529
0.010602 0.806471 0.480012
0.0105702 0.808052 0.484768
0.0105384 0.808475 0.485439
0.0105068 0.807207 0.482687
0.0104753 0.80464 0.483125
0.0104439 0.80464 0.483125
0.0104125 0.80464 0.483125
0.0103813 0.802288 0.481272
0.0103502 0.802992 0.477767
0.0103191 0.803143 0.474785
0.0102882 0.801691 0.472945
0.0102573 0.803223 0.469466
0.0102265 0.803223 0.469466
0.0101958 0.803223 0.469466
0.0101653 0.802811 0.465091
0.0101348 0.801813 0.461602
0.0101044 0.803098 0.465867
0.010074 0.803632 0.467533
0.0100438 0.802073 0.468763
0.0100137 0.803104 0.46965
