#     BLOCK:  ACTUAL_PE:     PE_AVE:      ERROR:
           1   -0.423578   -0.423578           0
           2   -0.423978   -0.423778 0.000141399
           3   -0.425532   -0.424363 0.000486649
           4   -0.426148   -0.424809 0.000531529
           5   -0.417567   -0.423361  0.00136346
           6   -0.427878   -0.424114  0.00132789
           7   -0.423022   -0.423958  0.00114731
           8    -0.41971   -0.423427  0.00112005
           9   -0.424397   -0.423535  0.00100078
          10   -0.425247   -0.423706 0.000915237
          11   -0.426207   -0.423933 0.000859812
          12   -0.426422   -0.424141 0.000812791
          13   -0.423159   -0.424065  0.00075377
          14   -0.422312    -0.42394 0.000710251
          15   -0.426691   -0.424123 0.000686177
          16   -0.424534   -0.424149  0.00064377
          17   -0.425906   -0.424252 0.000614139
          18   -0.425111     -0.4243 0.000581869
          19   -0.424375   -0.424304 0.000551258
          20   -0.426413   -0.424409 0.000533687
          21   -0.423995    -0.42439 0.000508639
          22   -0.425443   -0.424437 0.000487767
          23   -0.429422   -0.424654 0.000512444
          24   -0.424575   -0.424651 0.000491103
          25   -0.423133    -0.42459 0.000475199
          26   -0.431291   -0.424848 0.000522147
          27   -0.423285    -0.42479 0.000506005
          28   -0.433157   -0.425089 0.000569373
          29   -0.425881   -0.425116 0.000550395
          30   -0.429608   -0.425266 0.000552038
          31   -0.426533   -0.425307 0.000535743
          32   -0.426641   -0.425348 0.000520621
          33   -0.426638   -0.425387 0.000506308
          34   -0.426247   -0.425413 0.000492047
          35   -0.421643   -0.425305 0.000489634
          36   -0.431438   -0.425475 0.000504797
          37   -0.426677   -0.425508 0.000492196
          38   -0.428382   -0.425584 0.000485021
          39   -0.425615   -0.425584 0.000472585
          40   -0.423652   -0.425536 0.000463233
          41   -0.427582   -0.425586 0.000454615
          42   -0.426393   -0.425605 0.000444197
          43   -0.423135   -0.425548 0.000437565
          44   -0.424134   -0.425516 0.000428799
          45   -0.425824   -0.425522 0.000419325
          46   -0.423868   -0.425486  0.00041175
          47   -0.426464   -0.425507 0.000403514
          48   -0.426992   -0.425538 0.000396292
          49    -0.42815   -0.425591 0.000391773
          50   -0.423991   -0.425559 0.000385243
          51   -0.429595   -0.425639 0.000385732
          52   -0.424518   -0.425617 0.000378916
          53   -0.425455   -0.425614 0.000371779
          54   -0.424139   -0.425587 0.000365896
          55   -0.427733   -0.425626 0.000361318
          56   -0.424383   -0.425604 0.000355547
          57   -0.416723   -0.425448 0.000381923
          58   -0.425099   -0.425442 0.000375385
          59   -0.423183   -0.425403 0.000370969
          60   -0.415907   -0.425245 0.000397114
          61   -0.425063   -0.425242 0.000390615
          62   -0.426216   -0.425258  0.00038463
          63   -0.428469   -0.425309 0.000381888
          64   -0.428766   -0.425363 0.000379723
          65   -0.419524   -0.425273  0.00038436
          66     -0.4294   -0.425336 0.000383587
          67   -0.427476   -0.425368  0.00037919
          68   -0.421137   -0.425305 0.000378682
          69   -0.425775   -0.425312 0.000373255
          70   -0.425953   -0.425321 0.000368035
          71   -0.423457   -0.425295 0.000363787
          72   -0.414632   -0.425147  0.00038771
          73   -0.420741   -0.425087 0.000387067
          74    -0.42594   -0.425098 0.000382008
          75   -0.419718   -0.425026 0.000383591
          76   -0.429698   -0.425088 0.000383437
          77   -0.426808    -0.42511 0.000379108
          78   -0.423898   -0.425095 0.000374566
          79   -0.426212   -0.425109 0.000370091
          80    -0.43152   -0.425189 0.000374042
          81   -0.422766   -0.425159 0.000370617
          82   -0.424492   -0.425151 0.000366187
          83   -0.425467   -0.425155 0.000361795
          84   -0.426282   -0.425168 0.000357736
          85   -0.417328   -0.425076 0.000365226
          86   -0.424004   -0.425063 0.000361191
          87   -0.418857   -0.424992 0.000364016
          88   -0.425062   -0.424993 0.000359881
          89   -0.427788   -0.425024 0.000357205
          90   -0.428045   -0.425058 0.000354809
          91   -0.425008   -0.425057 0.000350911
          92   -0.425495   -0.425062 0.000347129
          93   -0.428025   -0.425094 0.000344855
          94   -0.428581   -0.425131 0.000343177
          95   -0.422247   -0.425101 0.000340905
          96   -0.426835   -0.425119 0.000337832
          97   -0.428492   -0.425153 0.000336135
          98   -0.420975   -0.425111 0.000335398
          99    -0.42298   -0.425089   0.0003327
         100   -0.418717   -0.425026  0.00033542
         101     -0.4238   -0.425013 0.000332318
         102   -0.426785   -0.425031 0.000329513
         103   -0.423083   -0.425012 0.000326856
         104   -0.422173   -0.424985 0.000324851
         105   -0.425174   -0.424986 0.000321762
         106   -0.431669   -0.425049 0.000324844
         107   -0.420211   -0.425004 0.000324941
         108    -0.42505   -0.425005 0.000321932
         109   -0.419605   -0.424955 0.000322767
         110   -0.421114    -0.42492 0.000321717
         111   -0.424753   -0.424919 0.000318822
         112   -0.425294   -0.424922 0.000315993
         113   -0.430036   -0.424967  0.00031642
         114   -0.427885   -0.424993 0.000314678
         115   -0.426989    -0.42501  0.00031242
         116   -0.430055   -0.425054 0.000312739
         117   -0.427051   -0.425071 0.000310532
         118   -0.424214   -0.425064 0.000307985
         119    -0.42447   -0.425059 0.000305437
         120   -0.427356   -0.425078 0.000303491
         121   -0.429705   -0.425116 0.000303383
         122   -0.430974   -0.425164 0.000304672
         123   -0.426144   -0.425172 0.000302299
         124   -0.423865   -0.425161 0.000300045
         125   -0.429236   -0.425194  0.00029941
         126   -0.429322   -0.425227 0.000298821
         127   -0.418791   -0.425176 0.000300734
         128   -0.423133    -0.42516 0.000298808
         129   -0.423262   -0.425145 0.000296854
         130   -0.426173   -0.425153 0.000294676
         131   -0.426699   -0.425165 0.000292662
         132   -0.433542   -0.425229 0.000297247
         133   -0.437364    -0.42532 0.000308699
         134    -0.42523   -0.425319 0.000306396
         135   -0.426417   -0.425327 0.000304234
         136       -0.43   -0.425362 0.000303931
         137   -0.419756   -0.425321 0.000304454
         138   -0.429916   -0.425354 0.000304063
         139   -0.421118   -0.425324 0.000303399
         140    -0.42043   -0.425289 0.000303238
         141   -0.416882   -0.425229 0.000306893
         142   -0.426947   -0.425241  0.00030497
         143   -0.428451   -0.425264 0.000303662
         144   -0.427061   -0.425276  0.00030181
         145   -0.423878   -0.425266 0.000299882
         146    -0.42042   -0.425233  0.00029966
         147   -0.427968   -0.425252 0.000298198
         148   -0.427304   -0.425266 0.000296506
         149   -0.424538   -0.425261 0.000294556
         150   -0.422083    -0.42524 0.000293353
         151   -0.424332   -0.425234 0.000291472
         152   -0.430629   -0.425269 0.000291708
         153   -0.431089   -0.425307 0.000292271
         154   -0.428059   -0.425325 0.000290918
         155   -0.432603   -0.425372 0.000292806
         156   -0.423857   -0.425362  0.00029109
         157   -0.421124   -0.425335 0.000290485
         158   -0.425774   -0.425338  0.00028866
         159    -0.42424   -0.425331 0.000286927
         160   -0.424978   -0.425329 0.000285142
         161   -0.431135   -0.425365 0.000285643
         162   -0.425135   -0.425364 0.000283883
         163   -0.425974   -0.425367 0.000282167
         164   -0.435736    -0.42543 0.000287442
         165   -0.424738   -0.425426  0.00028573
         166   -0.418171   -0.425383 0.000287332
         167   -0.425288   -0.425382 0.000285612
         168   -0.423077   -0.425368 0.000284241
         169   -0.421016   -0.425343 0.000283724
         170   -0.421292   -0.425319 0.000283053
         171   -0.425783   -0.425321 0.000281411
         172   -0.423921   -0.425313 0.000279893
         173   -0.424926   -0.425311 0.000278284
         174   -0.426411   -0.425317 0.000276756
         175   -0.428949   -0.425338 0.000275952
         176   -0.422263   -0.425321 0.000274937
         177   -0.423376    -0.42531 0.000273603
         178   -0.421034   -0.425286 0.000273118
         179   -0.425645   -0.425288   0.0002716
         180   -0.425821   -0.425291 0.000270107
         181    -0.42574   -0.425293 0.000268626
         182   -0.426447   -0.425299 0.000267225
         183   -0.430171   -0.425326 0.000267087
         184   -0.423071   -0.425314 0.000265917
         185   -0.427747   -0.425327 0.000264804
         186   -0.431034   -0.425358 0.000265153
         187   -0.424307   -0.425352 0.000263794
         188   -0.425733   -0.425354 0.000262399
         189   -0.425731   -0.425356 0.000261018
         190   -0.422732   -0.425342 0.000260009
         191   -0.427549   -0.425354 0.000258905
         192   -0.423289   -0.425343 0.000257779
         193   -0.429635   -0.425365 0.000257401
         194    -0.42456   -0.425361 0.000256108
         195   -0.426764   -0.425368 0.000254895
         196   -0.421474   -0.425348 0.000254368
         197   -0.423602    -0.42534 0.000253231
         198    -0.43058   -0.425366 0.000253332
         199   -0.426999   -0.425374 0.000252192
         200   -0.426109   -0.425378 0.000250957
         201   -0.427012   -0.425386 0.000249841
         202   -0.423443   -0.425376 0.000248789
         203   -0.428918   -0.425394 0.000248174
         204   -0.420507    -0.42537 0.000248111
         205   -0.429429    -0.42539  0.00024769
         206    -0.42274   -0.425377 0.000246821
         207   -0.423814   -0.425369 0.000245744
         208   -0.425141   -0.425368 0.000244565
         209   -0.428788   -0.425385 0.000243942
         210   -0.423903   -0.425378 0.000242882
         211   -0.427456   -0.425387 0.000241931
         212   -0.423183   -0.425377 0.000241013
         213    -0.42176    -0.42536 0.000240479
         214   -0.420609   -0.425338 0.000240378
         215   -0.422913   -0.425327 0.000239524
         216   -0.429091   -0.425344 0.000239049
         217   -0.424437    -0.42534 0.000237984
         218   -0.424225   -0.425335 0.000236947
         219   -0.428354   -0.425348 0.000236266
         220   -0.427096   -0.425356 0.000235326
         221   -0.424366   -0.425352 0.000234303
         222   -0.419362   -0.425325 0.000234796
         223   -0.419428   -0.425298 0.000235228
         224   -0.425113   -0.425298 0.000234179
         225      -0.421   -0.425279 0.000233916
         226   -0.424239   -0.425274 0.000232926
         227   -0.428436   -0.425288 0.000232317
         228   -0.427031   -0.425296 0.000231423
         229   -0.429142   -0.425312 0.000231022
         230   -0.425071   -0.425311  0.00023002
         231   -0.421738   -0.425296 0.000229543
         232   -0.426981   -0.425303 0.000228669
         233   -0.427893   -0.425314 0.000227958
         234   -0.423645   -0.425307 0.000227095
         235   -0.424681   -0.425304 0.000226144
         236   -0.423189   -0.425295 0.000225364
         237   -0.423687   -0.425289 0.000224515
         238   -0.424465   -0.425285 0.000223598
         239   -0.426332    -0.42529 0.000222706
         240   -0.424402   -0.425286 0.000221808
         241   -0.432795   -0.425317 0.000223066
         242   -0.433563   -0.425351 0.000224732
         243   -0.427177   -0.425359 0.000223932
         244   -0.426549   -0.425363 0.000223068
         245   -0.426249   -0.425367 0.000222187
         246   -0.421871   -0.425353 0.000221738
         247   -0.426297   -0.425357 0.000220873
         248   -0.422218   -0.425344 0.000220345
         249   -0.424547   -0.425341 0.000219483
         250   -0.428092   -0.425352 0.000218881
         251   -0.427804   -0.425362 0.000218227
         252   -0.426348   -0.425366 0.000217396
         253   -0.422471   -0.425354 0.000216838
         254   -0.425405   -0.425354 0.000215984
         255   -0.422121   -0.425342 0.000215509
         256   -0.427625   -0.425351 0.000214852
         257   -0.426363   -0.425354 0.000214052
         258   -0.427877   -0.425364 0.000213445
         259   -0.428926   -0.425378 0.000213064
         260   -0.426788   -0.425383 0.000212313
         261   -0.421311   -0.425368 0.000212072
         262   -0.422426   -0.425357  0.00021156
         263   -0.430592   -0.425377  0.00021169
         264   -0.422907   -0.425367 0.000211094
         265   -0.424493   -0.425364 0.000210324
         266   -0.426643   -0.425369 0.000209588
         267   -0.423797   -0.425363 0.000208886
         268   -0.427655   -0.425371 0.000208281
         269   -0.428302   -0.425382 0.000207792
         270   -0.425911   -0.425384 0.000207031
         271   -0.419246   -0.425362 0.000207503
         272   -0.421713   -0.425348 0.000207173
         273   -0.424617   -0.425345 0.000206431
         274   -0.429614   -0.425361 0.000206265
         275   -0.421682   -0.425348 0.000205948
         276   -0.425162   -0.425347 0.000205203
         277   -0.430798   -0.425367 0.000205404
         278    -0.43071   -0.425386 0.000205562
         279   -0.428644   -0.425398 0.000205157
         280   -0.428444   -0.425408 0.000204713
         281   -0.426063   -0.425411 0.000203997
         282   -0.429223   -0.425424 0.000203721
         283   -0.429258   -0.425438 0.000203451
         284   -0.426531   -0.425442 0.000202771
         285   -0.418403   -0.425417 0.000203558
         286    -0.42423   -0.425413 0.000202889
         287   -0.428155   -0.425422 0.000202407
         288    -0.42591   -0.425424 0.000201711
         289    -0.42299   -0.425416 0.000201189
         290     -0.4216   -0.425403 0.000200925
         291    -0.42867   -0.425414 0.000200548
         292   -0.424902   -0.425412 0.000199869
         293   -0.425495   -0.425412 0.000199187
         294    -0.43037   -0.425429 0.000199222
         295   -0.424253   -0.425425 0.000198587
         296   -0.429685    -0.42544 0.000198436
         297    -0.42595   -0.425441 0.000197776
         298   -0.422387   -0.425431 0.000197377
         299   -0.426139   -0.425433 0.000196731
         300   -0.429076   -0.425446  0.00019645
         301   -0.430149   -0.425461 0.000196418
         302   -0.423069   -0.425453 0.000195927
         303   -0.429826   -0.425468 0.000195811
         304   -0.424687   -0.425465 0.000195184
         305   -0.427415   -0.425471 0.000194649
         306   -0.429372   -0.425484  0.00019443
         307   -0.426962   -0.425489 0.000193856
         308    -0.42275    -0.42548  0.00019343
         309   -0.424844   -0.425478 0.000192815
         310   -0.426518   -0.425481 0.000192223
         311   -0.424836   -0.425479 0.000191616
         312   -0.432719   -0.425503 0.000192401
         313   -0.427466   -0.425509 0.000191889
         314   -0.418324   -0.425486 0.000192637
         315    -0.42043    -0.42547 0.000192693
         316    -0.42602   -0.425472 0.000192091
         317   -0.422813   -0.425463 0.000191668
         318   -0.422566   -0.425454 0.000191282
         319   -0.427626   -0.425461 0.000190804
         320   -0.423916   -0.425456 0.000190269
         321   -0.423434    -0.42545  0.00018978
         322   -0.424183   -0.425446 0.000189232
         323   -0.430706   -0.425462 0.000189345
         324   -0.431097    -0.42548 0.000189558
         325   -0.429334   -0.425491 0.000189345
         326   -0.429221   -0.425503 0.000189109
         327   -0.427236   -0.425508 0.000188605
         328   -0.426627   -0.425512 0.000188061
         329   -0.422492   -0.425502 0.000187714
         330   -0.422341   -0.425493 0.000187389
         331   -0.424799   -0.425491 0.000186835
         332    -0.42975   -0.425504 0.000186712
         333   -0.432688   -0.425525 0.000187393
         334    -0.42501   -0.425524 0.000186839
         335   -0.428412   -0.425532  0.00018648
         336   -0.426262   -0.425534 0.000185937
         337   -0.428604   -0.425543 0.000185609
         338   -0.429026   -0.425554 0.000185345
         339   -0.427425   -0.425559 0.000184881
         340   -0.426313   -0.425562  0.00018435
         341   -0.421883   -0.425551 0.000184125
         342   -0.420302   -0.425535 0.000184225
         343   -0.428385   -0.425544 0.000183875
         344   -0.425114   -0.425542 0.000183345
         345   -0.428832   -0.425552 0.000183061
         346   -0.430639   -0.425567 0.000183122
         347   -0.420849   -0.425553 0.000183098
         348   -0.425968   -0.425554 0.000182576
         349   -0.426419   -0.425557 0.000182069
         350    -0.43447   -0.425582 0.000183321
         351   -0.426565   -0.425585  0.00018282
         352   -0.425525   -0.425585 0.000182301
         353   -0.424414   -0.425582 0.000181815
         354   -0.428576    -0.42559 0.000181498
         355   -0.422252   -0.425581  0.00018123
         356   -0.425159   -0.425579 0.000180725
         357   -0.423771   -0.425574  0.00018029
         358   -0.427073   -0.425579 0.000179835
         359   -0.425192   -0.425577 0.000179337
         360    -0.42052   -0.425563 0.000179388
         361   -0.425285   -0.425563 0.000178893
         362   -0.422315   -0.425554 0.000178623
         363   -0.423153   -0.425547 0.000178254
         364   -0.425401   -0.425547 0.000177765
         365   -0.423401   -0.425541 0.000177375
         366   -0.421402   -0.425529  0.00017725
         367   -0.429897   -0.425541 0.000177166
         368    -0.42383   -0.425537 0.000176746
         369   -0.425453   -0.425536 0.000176267
         370   -0.417773   -0.425516 0.000177035
         371   -0.426264   -0.425518 0.000176569
         372   -0.424517   -0.425515 0.000176115
         373   -0.421677   -0.425505 0.000175943
         374    -0.42514   -0.425504 0.000175475
         375   -0.432147   -0.425521 0.000175899
         376    -0.42572   -0.425522 0.000175432
         377   -0.429731   -0.425533 0.000175322
         378   -0.429625   -0.425544 0.000175192
         379   -0.424565   -0.425541 0.000174749
         380   -0.426086   -0.425543 0.000174295
         381   -0.426589   -0.425545 0.000173859
         382   -0.425995   -0.425547 0.000173408
         383   -0.433984   -0.425569 0.000174349
         384   -0.420428   -0.425555 0.000174408
         385   -0.424922   -0.425554 0.000173962
         386   -0.424652   -0.425551 0.000173527
         387   -0.430088   -0.425563 0.000173475
         388   -0.427006   -0.425567 0.000173067
         389   -0.428144   -0.425573 0.000172749
         390   -0.429695   -0.425584 0.000172629
         391   -0.422481   -0.425576  0.00017237
         392   -0.430023   -0.425587 0.000172303
         393   -0.426333   -0.425589 0.000171875
         394   -0.430147   -0.425601 0.000171828
         395   -0.425297     -0.4256 0.000171395
         396   -0.429302   -0.425609 0.000171217
         397   -0.423808   -0.425605 0.000170846
         398   -0.427771    -0.42561 0.000170503
         399   -0.420402   -0.425597 0.000170575
         400   -0.428439   -0.425604 0.000170296
         401   -0.425328   -0.425604 0.000169873
         402   -0.424113     -0.4256 0.000169491
         403   -0.424824   -0.425598 0.000169081
         404   -0.425143   -0.425597 0.000168666
         405   -0.423617   -0.425592 0.000168321
         406   -0.425536   -0.425592 0.000167906
         407   -0.424289   -0.425589 0.000167524
         408   -0.426746   -0.425591 0.000167138
         409   -0.424399   -0.425589 0.000166754
         410      -0.431   -0.425602 0.000166869
         411     -0.4309   -0.425615  0.00016696
         412   -0.425736   -0.425615 0.000166555
         413   -0.420345   -0.425602  0.00016664
         414   -0.430564   -0.425614 0.000166668
         415   -0.431228   -0.425628 0.000166814
         416   -0.427088   -0.425631  0.00016645
         417   -0.428723   -0.425639 0.000166216
         418   -0.426378    -0.42564 0.000165828
         419   -0.425515    -0.42564 0.000165432
         420   -0.427865   -0.425645 0.000165123
         421     -0.4226   -0.425638  0.00016489
         422    -0.42362   -0.425633 0.000164568
         423   -0.430204   -0.425644 0.000164533
         424   -0.422826   -0.425638 0.000164279
         425   -0.419609   -0.425623 0.000164504
         426   -0.424118    -0.42562 0.000164156
         427   -0.424437   -0.425617 0.000163795
         428   -0.425876   -0.425618 0.000163413
         429   -0.423043   -0.425612 0.000163143
         430   -0.425034    -0.42561 0.000162769
         431   -0.419103   -0.425595  0.00016309
         432   -0.424288   -0.425592  0.00016274
         433    -0.42398   -0.425588 0.000162407
         434   -0.421911    -0.42558 0.000162254
         435   -0.427506   -0.425584 0.000161941
         436   -0.429983   -0.425594 0.000161884
         437    -0.42173   -0.425586 0.000161754
         438   -0.433588   -0.425604 0.000162414
         439   -0.434441   -0.425624 0.000163286
         440   -0.427024   -0.425627 0.000162946
         441   -0.425119   -0.425626 0.000162581
         442   -0.427397    -0.42563 0.000162262
         443   -0.426039   -0.425631 0.000161899
         444   -0.427371   -0.425635 0.000161581
         445   -0.425353   -0.425634  0.00016122
         446   -0.426581   -0.425636 0.000160872
         447   -0.426864   -0.425639 0.000160536
         448   -0.427256   -0.425643 0.000160218
         449   -0.425392   -0.425642 0.000159862
         450   -0.427578   -0.425646 0.000159565
         451   -0.431454   -0.425659  0.00015973
         452   -0.426483   -0.425661 0.000159387
         453   -0.431214   -0.425673 0.000159505
         454   -0.428047   -0.425679  0.00015924
         455   -0.433946   -0.425697 0.000159923
         456   -0.425431   -0.425696 0.000159573
         457   -0.424353   -0.425693 0.000159251
         458   -0.429214   -0.425701 0.000159089
         459   -0.428238   -0.425707 0.000158838
         460   -0.423961   -0.425703 0.000158538
         461   -0.426111   -0.425704 0.000158197
         462   -0.431434   -0.425716  0.00015834
         463   -0.426601   -0.425718  0.00015801
         464   -0.425091   -0.425717 0.000157675
         465   -0.426135   -0.425717 0.000157338
         466   -0.424823   -0.425716 0.000157012
         467   -0.423177    -0.42571  0.00015677
         468   -0.420679   -0.425699 0.000156803
         469   -0.426654   -0.425701 0.000156482
         470   -0.423688   -0.425697 0.000156208
         471   -0.424455   -0.425695 0.000155899
         472   -0.426956   -0.425697 0.000155591
         473    -0.42794   -0.425702 0.000155334
         474   -0.425296   -0.425701 0.000155009
         475   -0.430217   -0.425711 0.000154974
         476   -0.429793   -0.425719 0.000154886
         477   -0.426765   -0.425721 0.000154576
         478   -0.430719   -0.425732 0.000154606
         479   -0.424489   -0.425729 0.000154305
         480   -0.428182   -0.425734 0.000154068
         481   -0.419691   -0.425722  0.00015426
         482   -0.426532   -0.425723 0.000153949
         483   -0.424129    -0.42572 0.000153665
         484   -0.424029   -0.425717 0.000153388
         485   -0.424849   -0.425715 0.000153082
         486   -0.425243   -0.425714  0.00015277
         487   -0.422389   -0.425707 0.000152609
         488   -0.423979   -0.425704 0.000152337
         489   -0.427013   -0.425706 0.000152049
         490   -0.422119   -0.425699 0.000151915
         491   -0.424015   -0.425695 0.000151644
         492   -0.428495   -0.425701 0.000151443
         493   -0.425149     -0.4257  0.00015114
         494   -0.423667   -0.425696  0.00015089
         495   -0.424631   -0.425694   0.0001506
         496   -0.424195   -0.425691 0.000150327
         497    -0.43056   -0.425701 0.000150343
         498   -0.431086   -0.425711  0.00015043
         499   -0.428486   -0.425717 0.000150231
         500   -0.421722   -0.425709 0.000150143
