#     BLOCK:   ACTUAL_P:     P_AVE:       ERROR:
           1   0.0199844   0.0199844           0
           2   0.0200896    0.020037 3.71858e-05
           3   0.0195894   0.0198878 0.000124319
           4   0.0199211   0.0198961 9.35188e-05
           5   0.0202531   0.0199675 9.83687e-05
           6   0.0193677   0.0198675 0.000122671
           7    0.019708   0.0198447 0.000107243
           8    0.019366   0.0197849 0.000109264
           9   0.0195664   0.0197606 9.97847e-05
          10   0.0197322   0.0197578 8.98468e-05
          11   0.0201399   0.0197925 8.81379e-05
          12   0.0201599   0.0198231 8.59462e-05
          13   0.0202231   0.0198539 8.46625e-05
          14   0.0204555   0.0198969 8.88527e-05
          15   0.0192138   0.0198513 9.38757e-05
          16   0.0199392   0.0198568 8.81689e-05
          17   0.0189418    0.019803 9.80455e-05
          18   0.0193653   0.0197787 9.55666e-05
          19   0.0197741   0.0197784 9.05371e-05
          20   0.0193429   0.0197567 8.85902e-05
          21   0.0191834   0.0197294 8.84775e-05
          22    0.019884   0.0197364 8.47347e-05
          23   0.0190135    0.019705 8.66836e-05
          24   0.0194452   0.0196941 8.37448e-05
          25   0.0196801   0.0196936 8.03969e-05
          26   0.0195585   0.0196884 7.74725e-05
          27   0.0202181    0.019708  7.7047e-05
          28   0.0197068    0.019708 7.42953e-05
          29   0.0206667    0.019741 7.87463e-05
          30   0.0198614    0.019745 7.62236e-05
          31   0.0193248   0.0197315 7.49606e-05
          32   0.0194654   0.0197232  7.3078e-05
          33   0.0201625   0.0197365 7.20661e-05
          34   0.0191197   0.0197183 7.21932e-05
          35   0.0205078   0.0197409 7.35699e-05
          36   0.0196946   0.0197396 7.15376e-05
          37   0.0197444   0.0197397 6.96042e-05
          38   0.0191755   0.0197249 6.93384e-05
          39    0.020193   0.0197369 6.85917e-05
          40   0.0195789   0.0197329 6.69906e-05
          41   0.0194535   0.0197261 6.57024e-05
          42   0.0196479   0.0197243 6.41645e-05
          43   0.0200559    0.019732 6.31342e-05
          44   0.0194072   0.0197246 6.21292e-05
          45    0.019238   0.0197138 6.16822e-05
          46   0.0196972   0.0197134 6.03424e-05
          47   0.0198832    0.019717 5.91666e-05
          48   0.0199296   0.0197215 5.80994e-05
          49   0.0202283   0.0197318 5.78271e-05
          50    0.020244    0.019742 5.75706e-05
          51   0.0193723   0.0197348 5.68964e-05
          52    0.019511   0.0197305 5.59647e-05
          53   0.0188472   0.0197138 5.73368e-05
          54   0.0198916   0.0197171 5.63695e-05
          55   0.0196725   0.0197163 5.53504e-05
          56   0.0200275   0.0197219 5.46403e-05
          57    0.019961   0.0197261 5.38426e-05
          58   0.0193651   0.0197198 5.32727e-05
          59   0.0192635   0.0197121 5.29283e-05
          60    0.020017   0.0197172 5.22896e-05
          61   0.0196819   0.0197166 5.14355e-05
          62   0.0194718   0.0197127 5.07572e-05
          63   0.0196757   0.0197121  4.9955e-05
          64   0.0187687   0.0196973 5.13029e-05
          65   0.0199115   0.0197006 5.06193e-05
          66   0.0195912    0.019699 4.98795e-05
          67   0.0198029   0.0197005 4.91591e-05
          68    0.019276   0.0196943  4.8831e-05
          69   0.0197199   0.0196946 4.81247e-05
          70   0.0194604   0.0196913 4.75534e-05
          71   0.0194099   0.0196873 4.70485e-05
          72   0.0203777   0.0196969 4.73622e-05
          73    0.019417   0.0196931 4.68683e-05
          74   0.0196247   0.0196922 4.62441e-05
          75   0.0204875   0.0197028 4.68277e-05
          76    0.019034    0.019694 4.70312e-05
          77   0.0199367   0.0196971 4.65259e-05
          78   0.0197886   0.0196983 4.59442e-05
          79   0.0203674   0.0197068 4.61366e-05
          80   0.0194678   0.0197038 4.56566e-05
          81   0.0197604   0.0197045 4.50983e-05
          82   0.0197758   0.0197053 4.45567e-05
          83   0.0199215    0.019708 4.40959e-05
          84   0.0202192    0.019714 4.39889e-05
          85   0.0201034   0.0197186 4.37093e-05
          86   0.0194048    0.019715 4.33531e-05
          87    0.019448   0.0197119 4.29633e-05
          88   0.0197492   0.0197123 4.24771e-05
          89   0.0193428   0.0197082 4.22023e-05
          90   0.0195097    0.019706  4.1791e-05
          91   0.0191928   0.0197003 4.17104e-05
          92   0.0199347   0.0197029 4.13347e-05
          93   0.0192102   0.0196976 4.12283e-05
          94   0.0194675   0.0196951 4.08623e-05
          95   0.0195001   0.0196931 4.04837e-05
          96   0.0193308   0.0196893 4.02375e-05
          97   0.0200973   0.0196935  4.0042e-05
          98   0.0201437   0.0196981 3.98961e-05
          99   0.0200099   0.0197013 3.96172e-05
         100   0.0200518   0.0197048 3.93758e-05
         101   0.0199636   0.0197073 3.90692e-05
         102   0.0192183   0.0197025 3.89792e-05
         103   0.0199911   0.0197053 3.87013e-05
         104   0.0196637   0.0197049 3.83312e-05
         105   0.0199488   0.0197073 3.80365e-05
         106   0.0188835   0.0196995 3.84632e-05
         107   0.0197625   0.0197001 3.81082e-05
         108   0.0198901   0.0197018  3.7796e-05
         109   0.0199848   0.0197044 3.75383e-05
         110   0.0197827   0.0197051 3.72038e-05
         111    0.020153   0.0197092 3.70868e-05
         112    0.019525   0.0197075 3.67921e-05
         113   0.0191727   0.0197028 3.67697e-05
         114   0.0190589   0.0196971 3.68784e-05
         115   0.0194113   0.0196947 3.66414e-05
         116   0.0198298   0.0196958  3.6344e-05
         117   0.0202775   0.0197008 3.63718e-05
         118   0.0196137   0.0197001 3.60711e-05
         119   0.0191948   0.0196958 3.60169e-05
         120   0.0203679   0.0197014 3.61496e-05
         121   0.0194655   0.0196995 3.59034e-05
         122   0.0195867   0.0196985  3.5621e-05
         123   0.0193338   0.0196956 3.54546e-05
         124   0.0204606   0.0197017 3.57014e-05
         125   0.0193658   0.0196991 3.55168e-05
         126    0.019961   0.0197011 3.52957e-05
         127   0.0200454   0.0197038 3.51217e-05
         128   0.0206487   0.0197112 3.56147e-05
         129   0.0200252   0.0197137 3.54216e-05
         130   0.0196874   0.0197135 3.51497e-05
         131   0.0197746   0.0197139 3.48845e-05
         132   0.0195429   0.0197126 3.46443e-05
         133   0.0190289   0.0197075 3.47632e-05
         134   0.0197359   0.0197077 3.45044e-05
         135   0.0196842   0.0197075 3.42492e-05
         136   0.0202112   0.0197112 3.41971e-05
         137   0.0204711   0.0197168 3.43943e-05
         138   0.0200545   0.0197192  3.4232e-05
         139   0.0199914   0.0197212 3.40417e-05
         140   0.0195638   0.0197201 3.38171e-05
         141   0.0197191   0.0197201 3.35773e-05
         142   0.0201562   0.0197231  3.3481e-05
         143   0.0197964   0.0197236 3.32508e-05
         144   0.0199719   0.0197254 3.30646e-05
         145   0.0196347   0.0197247 3.28424e-05
         146   0.0194143   0.0197226 3.26863e-05
         147   0.0198676   0.0197236 3.24788e-05
         148   0.0193656   0.0197212 3.23493e-05
         149   0.0197184   0.0197212 3.21322e-05
         150   0.0201218   0.0197238 3.20288e-05
         151   0.0199359   0.0197252 3.18475e-05
         152   0.0193629   0.0197228  3.1727e-05
         153   0.0198172   0.0197235 3.15256e-05
         154   0.0197895   0.0197239 3.13238e-05
         155    0.019743    0.019724  3.1122e-05
         156   0.0195319   0.0197228 3.09468e-05
         157   0.0197038   0.0197227   3.075e-05
         158   0.0197542   0.0197229  3.0556e-05
         159   0.0202907   0.0197264 3.05718e-05
         160   0.0194035   0.0197244 3.04473e-05
         161   0.0199402   0.0197258 3.02877e-05
         162   0.0195933   0.0197249 3.01117e-05
         163   0.0200106   0.0197267  2.9978e-05
         164   0.0188816   0.0197215 3.02348e-05
         165   0.0197835   0.0197219 3.00539e-05
         166   0.0205313   0.0197268 3.02657e-05
         167    0.019785   0.0197271 3.00865e-05
         168   0.0201014   0.0197294 2.99897e-05
         169   0.0202426   0.0197324 2.99657e-05
         170    0.020111   0.0197346  2.9872e-05
         171    0.020111   0.0197368 2.97783e-05
         172   0.0197268   0.0197368 2.96053e-05
         173   0.0199466    0.019738  2.9459e-05
         174   0.0194076   0.0197361 2.93508e-05
         175   0.0196861   0.0197358 2.91844e-05
         176   0.0203471   0.0197393 2.92245e-05
         177   0.0201084   0.0197414 2.91338e-05
         178   0.0198606    0.019742 2.89778e-05
         179   0.0196519   0.0197415 2.88203e-05
         180   0.0198547   0.0197422  2.8667e-05
         181   0.0205245   0.0197465 2.88326e-05
         182   0.0199971   0.0197479 2.87071e-05
         183   0.0196142   0.0197471 2.85595e-05
         184   0.0197881   0.0197473 2.84052e-05
         185    0.019295   0.0197449 2.83567e-05
         186   0.0195454   0.0197438 2.82245e-05
         187   0.0192201    0.019741 2.82121e-05
         188   0.0199292    0.019742 2.80798e-05
         189   0.0198562   0.0197426 2.79377e-05
         190   0.0200671   0.0197443 2.78428e-05
         191   0.0200881   0.0197461 2.77552e-05
         192   0.0196066   0.0197454 2.76201e-05
         193   0.0195369   0.0197443 2.74981e-05
         194   0.0196599   0.0197439 2.73598e-05
         195   0.0204177   0.0197474 2.74368e-05
         196   0.0194336   0.0197458 2.73435e-05
         197   0.0193983    0.019744 2.72615e-05
         198   0.0194321   0.0197424 2.71693e-05
         199   0.0196404   0.0197419 2.70376e-05
         200   0.0194914   0.0197407 2.69314e-05
         201   0.0199609   0.0197417 2.68197e-05
         202   0.0202456   0.0197442 2.68027e-05
         203   0.0199865   0.0197454 2.66972e-05
         204    0.019952   0.0197464 2.65855e-05
         205   0.0192492    0.019744 2.65663e-05
         206   0.0197061   0.0197438  2.6438e-05
         207   0.0197178   0.0197437 2.63105e-05
         208   0.0199737   0.0197448 2.62073e-05
         209   0.0205412   0.0197486 2.63574e-05
         210   0.0202274   0.0197509 2.63303e-05
         211    0.019959   0.0197519  2.6224e-05
         212   0.0199534   0.0197528 2.61175e-05
         213   0.0192899   0.0197507 2.60851e-05
         214   0.0199267   0.0197515 2.59762e-05
         215   0.0197703   0.0197516 2.58555e-05
         216   0.0192514   0.0197493 2.58393e-05
         217   0.0194925   0.0197481 2.57473e-05
         218   0.0192933    0.019746 2.57136e-05
         219   0.0196304   0.0197455 2.56016e-05
         220   0.0198166   0.0197458 2.54873e-05
         221   0.0197633   0.0197459 2.53721e-05
         222   0.0202101    0.019748 2.53438e-05
         223   0.0199344   0.0197488  2.5244e-05
         224   0.0190968   0.0197459 2.52985e-05
         225   0.0199496   0.0197468 2.52023e-05
         226   0.0194204   0.0197453 2.51321e-05
         227    0.019401   0.0197438 2.50671e-05
         228    0.020577   0.0197475 2.52222e-05
         229   0.0191057   0.0197447 2.52672e-05
         230   0.0203213   0.0197472 2.52814e-05
         231   0.0198336   0.0197476 2.51747e-05
         232   0.0196035   0.0197469 2.50739e-05
         233   0.0196848   0.0197467 2.49677e-05
         234   0.0198161    0.019747 2.48628e-05
         235   0.0195242    0.019746  2.4775e-05
         236    0.019937   0.0197468 2.46833e-05
         237   0.0200458   0.0197481 2.46113e-05
         238   0.0202155   0.0197501 2.45861e-05
         239   0.0198458   0.0197505 2.44865e-05
         240   0.0202863   0.0197527 2.44861e-05
         241   0.0192144   0.0197505 2.44861e-05
         242   0.0194924   0.0197494 2.44081e-05
         243   0.0196237   0.0197489 2.43132e-05
         244   0.0198072   0.0197491 2.42147e-05
         245   0.0196391   0.0197487   2.412e-05
         246   0.0189801   0.0197455 2.42235e-05
         247   0.0196692   0.0197452 2.41274e-05
         248   0.0198418   0.0197456 2.40332e-05
         249   0.0191042    0.019743 2.40744e-05
         250   0.0197184   0.0197429 2.39783e-05
         251   0.0200648   0.0197442  2.3917e-05
         252   0.0195147   0.0197433 2.38394e-05
         253   0.0198289   0.0197437 2.37476e-05
         254   0.0204399   0.0197464 2.38118e-05
         255   0.0201065   0.0197478 2.37603e-05
         256   0.0195334    0.019747 2.36822e-05
         257   0.0200377   0.0197481 2.36171e-05
         258   0.0195381   0.0197473 2.35395e-05
         259   0.0191541    0.019745 2.35598e-05
         260   0.0201929   0.0197467 2.35321e-05
         261   0.0197305   0.0197467  2.3442e-05
         262   0.0201337   0.0197481  2.3399e-05
         263   0.0191141   0.0197457 2.34339e-05
         264   0.0194661   0.0197447 2.33691e-05
         265   0.0203918   0.0197471 2.34081e-05
         266   0.0194469    0.019746 2.33473e-05
         267   0.0199142   0.0197466 2.32684e-05
         268   0.0199641   0.0197474 2.31957e-05
         269    0.019979   0.0197483 2.31254e-05
         270   0.0200292   0.0197493 2.30632e-05
         271    0.020367   0.0197516 2.30904e-05
         272    0.019441   0.0197505 2.30337e-05
         273   0.0198687   0.0197509 2.29534e-05
         274   0.0201315   0.0197523 2.29117e-05
         275    0.020229    0.019754 2.28938e-05
         276   0.0195286   0.0197532 2.28255e-05
         277     0.01938   0.0197519 2.27828e-05
         278   0.0193676   0.0197505 2.27427e-05
         279   0.0196335     0.01975 2.26651e-05
         280   0.0197157   0.0197499 2.25845e-05
         281   0.0197633     0.01975 2.25041e-05
         282   0.0193177   0.0197484 2.24765e-05
         283   0.0199048    0.019749 2.24039e-05
         284   0.0195965   0.0197485 2.23314e-05
         285   0.0197448   0.0197484  2.2253e-05
         286   0.0198623   0.0197488 2.21788e-05
         287   0.0195504   0.0197482 2.21123e-05
         288   0.0191086   0.0197459 2.21468e-05
         289   0.0197211   0.0197458 2.20703e-05
         290   0.0207838   0.0197494 2.22825e-05
         291   0.0191715   0.0197474 2.22943e-05
         292   0.0198881   0.0197479 2.22231e-05
         293   0.0198414   0.0197482 2.21496e-05
         294   0.0196993   0.0197481 2.20749e-05
         295   0.0195284   0.0197473 2.20126e-05
         296   0.0191211   0.0197452 2.20397e-05
         297   0.0198382   0.0197455 2.19677e-05
         298   0.0192656   0.0197439 2.19529e-05
         299   0.0197295   0.0197439 2.18796e-05
         300   0.0194985    0.019743 2.18219e-05
         301   0.0198326   0.0197433 2.17514e-05
         302   0.0188102   0.0197403 2.18978e-05
         303   0.0195021   0.0197395 2.18396e-05
         304   0.0198213   0.0197397 2.17694e-05
         305   0.0193625   0.0197385 2.17332e-05
         306   0.0200963   0.0197397 2.16936e-05
         307   0.0200021   0.0197405 2.16398e-05
         308   0.0198914    0.019741  2.1575e-05
         309   0.0202745   0.0197427 2.15742e-05
         310   0.0194566   0.0197418 2.15243e-05
         311   0.0192114   0.0197401 2.15226e-05
         312   0.0197041     0.01974 2.14539e-05
         313   0.0197364     0.01974 2.13854e-05
         314   0.0200926   0.0197411 2.13467e-05
         315   0.0203513    0.019743 2.13666e-05
         316   0.0196129   0.0197426  2.1303e-05
         317    0.019879   0.0197431 2.12401e-05
         318   0.0198522   0.0197434 2.11761e-05
         319   0.0200205   0.0197443 2.11275e-05
         320   0.0192428   0.0197427 2.11196e-05
         321   0.0197925   0.0197429 2.10543e-05
         322   0.0200062   0.0197437 2.10048e-05
         323   0.0191356   0.0197418  2.1024e-05
         324   0.0191946   0.0197401 2.10268e-05
         325   0.0199955   0.0197409 2.09768e-05
         326   0.0200642   0.0197419 2.09359e-05
         327   0.0196777   0.0197417 2.08728e-05
         328   0.0195015    0.019741  2.0822e-05
         329   0.0197172   0.0197409 2.07588e-05
         330   0.0191965   0.0197392 2.07614e-05
         331    0.020438   0.0197413 2.08057e-05
         332   0.0194752   0.0197405 2.07585e-05
         333   0.0193701   0.0197394 2.07259e-05
         334   0.0198917   0.0197399 2.06689e-05
         335   0.0194214   0.0197389  2.0629e-05
         336   0.0205479   0.0197413 2.07076e-05
         337   0.0198122   0.0197416 2.06473e-05
         338   0.0200388   0.0197424 2.06049e-05
         339   0.0197668   0.0197425 2.05442e-05
         340   0.0197127   0.0197424  2.0484e-05
         341   0.0200694   0.0197434 2.04464e-05
         342    0.019859   0.0197437 2.03894e-05
         343   0.0198737   0.0197441 2.03334e-05
         344   0.0194278   0.0197432 2.02951e-05
         345   0.0199761   0.0197439 2.02475e-05
         346   0.0203036   0.0197455 2.02535e-05
         347   0.0199625   0.0197461 2.02048e-05
         348   0.0197912   0.0197462 2.01472e-05
         349   0.0197638   0.0197463 2.00895e-05
         350   0.0198331   0.0197465 2.00336e-05
         351   0.0199224    0.019747 1.99828e-05
         352   0.0197546    0.019747 1.99261e-05
         353   0.0198249   0.0197473 1.98708e-05
         354   0.0198254   0.0197475 1.98159e-05
         355   0.0195262   0.0197469 1.97699e-05
         356   0.0189669   0.0197447 1.98354e-05
         357   0.0200413   0.0197455 1.97973e-05
         358   0.0207894   0.0197484 1.99556e-05
         359    0.019866   0.0197487 1.99027e-05
         360   0.0197559   0.0197488 1.98474e-05
         361    0.019515   0.0197481  1.9803e-05
         362   0.0197925   0.0197482 1.97486e-05
         363   0.0204201   0.0197501 1.97808e-05
         364   0.0200266   0.0197509  1.9741e-05
         365   0.0199497   0.0197514 1.96944e-05
         366   0.0206683   0.0197539 1.97993e-05
         367   0.0199957   0.0197546 1.97563e-05
         368   0.0195678   0.0197541 1.97092e-05
         369   0.0193693    0.019753 1.96833e-05
         370   0.0198592   0.0197533 1.96322e-05
         371   0.0196851   0.0197531 1.95802e-05
         372   0.0196763   0.0197529 1.95286e-05
         373   0.0199786   0.0197535 1.94856e-05
         374   0.0199574   0.0197541 1.94411e-05
         375   0.0196304   0.0197537 1.93921e-05
         376   0.0195219   0.0197531 1.93503e-05
         377   0.0189966   0.0197511 1.94028e-05
         378   0.0195385   0.0197505 1.93596e-05
         379   0.0197976   0.0197507 1.93089e-05
         380   0.0196195   0.0197503 1.92612e-05
         381   0.0199893    0.019751 1.92208e-05
         382   0.0200824   0.0197518 1.91901e-05
         383   0.0190602     0.01975 1.92248e-05
         384   0.0199449   0.0197505 1.91814e-05
         385   0.0196823   0.0197503 1.91324e-05
         386   0.0194144   0.0197495 1.91026e-05
         387   0.0193414   0.0197484 1.90823e-05
         388   0.0195593   0.0197479 1.90394e-05
         389   0.0194147   0.0197471 1.90097e-05
         390   0.0196322   0.0197468 1.89632e-05
         391   0.0198506    0.019747 1.89166e-05
         392   0.0199192   0.0197475 1.88734e-05
         393   0.0195028   0.0197469 1.88357e-05
         394   0.0195409   0.0197463 1.87951e-05
         395   0.0202388   0.0197476 1.87888e-05
         396   0.0193014   0.0197465 1.87751e-05
         397   0.0197895   0.0197466 1.87282e-05
         398   0.0196795   0.0197464 1.86819e-05
         399   0.0192838   0.0197452  1.8671e-05
         400    0.019589   0.0197448 1.86284e-05
         401   0.0198547   0.0197451 1.85839e-05
         402   0.0196973    0.019745 1.85381e-05
         403   0.0196239   0.0197447 1.84945e-05
         404   0.0203351   0.0197462 1.85064e-05
         405   0.0198141   0.0197463 1.84615e-05
         406   0.0200943   0.0197472 1.84359e-05
         407    0.020083    0.019748  1.8409e-05
         408   0.0197965   0.0197481 1.83643e-05
         409   0.0193284   0.0197471  1.8348e-05
         410      0.0201    0.019748 1.83235e-05
         411   0.0195456   0.0197475 1.82855e-05
         412   0.0198084   0.0197476 1.82417e-05
         413   0.0199957   0.0197482 1.82074e-05
         414   0.0201094   0.0197491 1.81843e-05
         415    0.019795   0.0197492 1.81409e-05
         416   0.0198937   0.0197496 1.81006e-05
         417   0.0193577   0.0197486 1.80815e-05
         418   0.0195862   0.0197482 1.80425e-05
         419    0.020334   0.0197496 1.80535e-05
         420   0.0199717   0.0197502 1.80182e-05
         421   0.0197582   0.0197502 1.79755e-05
         422   0.0197175   0.0197501  1.7933e-05
         423   0.0198769   0.0197504 1.78931e-05
         424   0.0198928   0.0197507 1.78541e-05
         425   0.0202714    0.019752 1.78541e-05
         426   0.0197068   0.0197518 1.78125e-05
         427   0.0197914   0.0197519  1.7771e-05
         428   0.0193148   0.0197509 1.77588e-05
         429   0.0203264   0.0197523  1.7768e-05
         430   0.0202698   0.0197535 1.77674e-05
         431   0.0196411   0.0197532 1.77281e-05
         432   0.0202987   0.0197545 1.77319e-05
         433   0.0197409   0.0197544  1.7691e-05
         434   0.0197321   0.0197544 1.76503e-05
         435   0.0202938   0.0197556 1.76533e-05
         436   0.0198281   0.0197558 1.76136e-05
         437   0.0201098   0.0197566 1.75919e-05
         438   0.0194813    0.019756 1.75629e-05
         439   0.0200517   0.0197566 1.75358e-05
         440   0.0195372   0.0197561 1.75031e-05
         441    0.019635   0.0197559 1.74655e-05
         442   0.0200854   0.0197566 1.74419e-05
         443   0.0199929   0.0197572 1.74107e-05
         444   0.0198344   0.0197573 1.73724e-05
         445   0.0198132   0.0197575 1.73338e-05
         446   0.0202985   0.0197587 1.73373e-05
         447   0.0199947   0.0197592 1.73066e-05
         448   0.0193723   0.0197583 1.72895e-05
         449   0.0193584   0.0197574 1.72739e-05
         450   0.0202037   0.0197584  1.7264e-05
         451   0.0189541   0.0197566 1.73176e-05
         452    0.019785   0.0197567 1.72794e-05
         453   0.0197659   0.0197567 1.72412e-05
         454   0.0197413   0.0197567 1.72033e-05
         455   0.0192401   0.0197556 1.72029e-05
         456   0.0196298   0.0197553 1.71674e-05
         457   0.0194378   0.0197546 1.71439e-05
         458   0.0199296    0.019755 1.71107e-05
         459   0.0199496   0.0197554 1.70787e-05
         460   0.0199505   0.0197558 1.70468e-05
         461   0.0197467   0.0197558 1.70098e-05
         462   0.0196532   0.0197556 1.69745e-05
         463   0.0196928   0.0197554 1.69383e-05
         464   0.0198786   0.0197557 1.69039e-05
         465   0.0200409   0.0197563 1.68787e-05
         466   0.0192465   0.0197552 1.68779e-05
         467   0.0195861   0.0197549 1.68456e-05
         468   0.0197619   0.0197549 1.68096e-05
         469    0.019173   0.0197536 1.68195e-05
         470   0.0199043    0.019754 1.67868e-05
         471   0.0196328   0.0197537 1.67531e-05
         472   0.0195338   0.0197532 1.67241e-05
         473   0.0204185   0.0197546 1.67478e-05
         474   0.0198522   0.0197548 1.67137e-05
         475   0.0200105   0.0197554 1.66872e-05
         476   0.0191213   0.0197541 1.67052e-05
         477   0.0193543   0.0197532 1.66912e-05
         478   0.0196887   0.0197531 1.66568e-05
         479   0.0197632   0.0197531 1.66221e-05
         480   0.0195759   0.0197527 1.65915e-05
         481   0.0198453   0.0197529 1.65582e-05
         482   0.0192874    0.019752 1.65519e-05
         483   0.0200916   0.0197527 1.65326e-05
         484    0.020133   0.0197534 1.65171e-05
         485    0.018939   0.0197518 1.65682e-05
         486   0.0193093   0.0197509 1.65591e-05
         487   0.0197127   0.0197508 1.65253e-05
         488    0.020107   0.0197515 1.65075e-05
         489   0.0201546   0.0197523 1.64944e-05
         490   0.0198939   0.0197526 1.64632e-05
         491   0.0195426   0.0197522 1.64352e-05
         492   0.0196676    0.019752 1.64027e-05
         493    0.020571   0.0197537 1.64534e-05
         494   0.0201711   0.0197545 1.64418e-05
         495   0.0200342   0.0197551 1.64182e-05
         496   0.0195478   0.0197547 1.63905e-05
         497   0.0192398   0.0197536 1.63902e-05
         498    0.019971   0.0197541 1.63631e-05
         499   0.0195858   0.0197537 1.63338e-05
         500   0.0206748   0.0197556 1.64047e-05
