#     BLOCK:   ACTUAL_TE:    TE_AVE:      ERROR:
           1    -9.23691    -9.23691           0
           2    -9.24771    -9.24231  0.00381778
           3    -9.28968     -9.2581   0.0131395
           4    -9.30629    -9.27015   0.0143513
           5    -9.07462    -9.23104   0.0368134
           6      -9.353    -9.25137    0.035853
           7     -9.2219    -9.24716   0.0309773
           8    -9.13246    -9.23282   0.0302414
           9    -9.25902    -9.23573    0.027021
          10    -9.28198    -9.24036   0.0247114
          11    -9.30789     -9.2465   0.0232149
          12     -9.3137     -9.2521   0.0219454
          13    -9.22559    -9.25006   0.0203518
          14    -9.20273    -9.24668   0.0191768
          15    -9.32096    -9.25163   0.0185268
          16    -9.26271    -9.25232   0.0173818
          17    -9.29975    -9.25511   0.0165818
          18    -9.27829     -9.2564   0.0157105
          19    -9.25842    -9.25651    0.014884
          20    -9.31345    -9.25935   0.0144096
          21    -9.24816    -9.25882   0.0137332
          22    -9.28726    -9.26011   0.0131697
          23    -9.39469    -9.26596    0.013836
          24    -9.26382    -9.26588   0.0132598
          25    -9.22488    -9.26424   0.0128304
          26    -9.44515    -9.27119    0.014098
          27      -9.229    -9.26963   0.0136621
          28    -9.49554     -9.2777   0.0153731
          29     -9.2991    -9.27844   0.0148607
          30    -9.39972    -9.28248    0.014905
          31     -9.3167    -9.28358   0.0144651
          32    -9.31961    -9.28471   0.0140568
          33    -9.31952    -9.28576   0.0136703
          34    -9.30897    -9.28645   0.0132853
          35    -9.18467    -9.28354   0.0132201
          36    -9.44912    -9.28814   0.0136295
          37    -9.32057    -9.28901   0.0132893
          38    -9.36662    -9.29106   0.0130956
          39     -9.2919    -9.29108   0.0127598
          40    -9.23891    -9.28977   0.0125073
          41    -9.34503    -9.29112   0.0122746
          42    -9.31292    -9.29164   0.0119933
          43    -9.22495    -9.29009   0.0118143
          44    -9.25192    -9.28922   0.0115776
          45    -9.29756    -9.28941   0.0113218
          46    -9.24473    -9.28844   0.0111172
          47    -9.31484      -9.289   0.0108949
          48    -9.32909    -9.28983   0.0106999
          49    -9.36036    -9.29127   0.0105779
          50    -9.24806    -9.29041   0.0104016
          51    -9.39938    -9.29255   0.0104148
          52    -9.26228    -9.29196   0.0102307
          53    -9.28758    -9.29188    0.010038
          54    -9.25207    -9.29114  0.00987918
          55     -9.3491     -9.2922  0.00975559
          56    -9.25863     -9.2916  0.00959978
          57    -9.05182    -9.28739   0.0103119
          58    -9.27798    -9.28723   0.0101354
          59    -9.22626     -9.2862   0.0100162
          60     -9.0298    -9.28192   0.0107221
          61    -9.27701    -9.28184   0.0105466
          62    -9.30812    -9.28227    0.010385
          63    -9.36898    -9.28364    0.010311
          64    -9.37699     -9.2851   0.0102525
          65    -9.12745    -9.28268   0.0103777
          66    -9.39409    -9.28436   0.0103569
          67    -9.34214    -9.28523   0.0102381
          68    -9.17101    -9.28355   0.0102244
          69    -9.29622    -9.28373   0.0100779
          70    -9.30103    -9.28398  0.00993695
          71    -9.23364    -9.28327  0.00982225
          72    -8.99537    -9.27927   0.0104682
          73    -9.16032    -9.27764   0.0104508
          74    -9.30069    -9.27795   0.0103142
          75    -9.13268    -9.27601    0.010357
          76    -9.40214    -9.27767   0.0103528
          77    -9.32413    -9.27828   0.0102359
          78    -9.24554    -9.27786   0.0101133
          79    -9.30803    -9.27824  0.00999247
          80    -9.45134     -9.2804   0.0100991
          81    -9.21499     -9.2796   0.0100067
          82    -9.26159    -9.27938  0.00988705
          83    -9.28792    -9.27948  0.00976846
          84     -9.3099    -9.27984  0.00965888
          85    -9.06815    -9.27735  0.00986109
          86    -9.24842    -9.27701  0.00975216
          87    -9.10944    -9.27509  0.00982844
          88    -9.27698    -9.27511  0.00971678
          89    -9.35058    -9.27596  0.00964453
          90    -9.35752    -9.27686  0.00957985
          91    -9.27551    -9.27685  0.00947459
          92    -9.28867    -9.27698  0.00937248
          93    -9.35699    -9.27784   0.0093111
          94      -9.372    -9.27884  0.00926577
          95    -9.20096    -9.27802  0.00920443
          96    -9.32486    -9.27851  0.00912147
          97     -9.3696    -9.27945  0.00907565
          98    -9.16663     -9.2783  0.00905575
          99    -9.22075    -9.27771  0.00898291
         100    -9.10567    -9.27599  0.00905633
         101    -9.24291    -9.27567  0.00897259
         102    -9.32349    -9.27614  0.00889686
         103    -9.22355    -9.27562  0.00882512
         104    -9.19898    -9.27489  0.00877098
         105       -9.28    -9.27494  0.00868759
         106    -9.45537    -9.27664   0.0087708
         107      -9.146    -9.27542   0.0087734
         108    -9.27664    -9.27543  0.00869217
         109    -9.12964    -9.27409  0.00871472
         110    -9.17037    -9.27315  0.00868635
         111    -9.26865    -9.27311  0.00860819
         112    -9.28324     -9.2732  0.00853181
         113    -9.41127    -9.27442  0.00854335
         114    -9.35319    -9.27511  0.00849631
         115      -9.329    -9.27558  0.00843534
         116    -9.41179    -9.27675  0.00844395
         117    -9.33069    -9.27721  0.00838435
         118    -9.25409    -9.27702  0.00831559
         119      -9.261    -9.27688   0.0082468
         120    -9.33892     -9.2774  0.00819427
         121    -9.40233    -9.27843  0.00819133
         122     -9.4366    -9.27973  0.00822614
         123    -9.30618    -9.27995  0.00816207
         124    -9.24464    -9.27966  0.00810121
         125    -9.38967    -9.28054  0.00808407
         126    -9.39201    -9.28143  0.00806817
         127    -9.10766    -9.28006  0.00811982
         128    -9.22489    -9.27963  0.00806782
         129    -9.22836    -9.27923  0.00801506
         130    -9.30696    -9.27944  0.00795624
         131    -9.32118    -9.27976  0.00790188
         132    -9.50594    -9.28147  0.00802566
         133    -9.60914    -9.28394  0.00833487
         134    -9.28151    -9.28392  0.00827269
         135    -9.31357    -9.28414  0.00821432
         136     -9.4103    -9.28507  0.00820614
         137    -9.13373    -9.28396  0.00822025
         138    -9.40803    -9.28486   0.0082097
         139     -9.1705    -9.28404  0.00819176
         140    -9.15191    -9.28309  0.00818744
         141    -9.05612    -9.28149   0.0082861
         142    -9.32787    -9.28181  0.00823418
         143    -9.36848    -9.28242  0.00819887
         144    -9.33096    -9.28275  0.00814887
         145    -9.24501    -9.28249  0.00809682
         146    -9.15164     -9.2816  0.00809082
         147    -9.35545     -9.2821  0.00805136
         148     -9.3375    -9.28247  0.00800565
         149    -9.26282    -9.28234  0.00795301
         150    -9.19653    -9.28177  0.00792054
         151    -9.25727    -9.28161  0.00786975
         152    -9.42728    -9.28257  0.00787611
         153     -9.4397    -9.28359  0.00789131
         154    -9.35788    -9.28408   0.0078548
         155    -9.48058    -9.28534  0.00790577
         156    -9.24443    -9.28508  0.00785944
         157    -9.17064    -9.28435   0.0078431
         158     -9.2962    -9.28443  0.00779382
         159    -9.25477    -9.28424  0.00774704
         160    -9.27471    -9.28418  0.00769885
         161    -9.44096    -9.28516  0.00771236
         162    -9.27896    -9.28512  0.00766485
         163     -9.3016    -9.28522   0.0076185
         164    -9.56517    -9.28693  0.00776092
         165    -9.26822    -9.28681  0.00771472
         166    -9.09092    -9.28563  0.00775797
         167    -9.28307    -9.28562  0.00771153
         168    -9.22339    -9.28525  0.00767452
         169    -9.16775    -9.28455  0.00766054
         170    -9.17518    -9.28391  0.00764244
         171    -9.29645    -9.28398   0.0075981
         172    -9.24617    -9.28376  0.00755711
         173    -9.27332     -9.2837  0.00751366
         174    -9.31341    -9.28387  0.00747242
         175    -9.38193    -9.28443   0.0074507
         176    -9.20141    -9.28396  0.00742329
         177    -9.23147    -9.28366  0.00738727
         178    -9.16821    -9.28302  0.00737419
         179    -9.29272    -9.28307  0.00733319
         180    -9.29748    -9.28315  0.00729289
         181    -9.29528    -9.28322   0.0072529
         182    -9.31438    -9.28339  0.00721507
         183    -9.41492    -9.28411  0.00721136
         184    -9.22322    -9.28378  0.00717975
         185    -9.34946    -9.28413  0.00714972
         186    -9.43823    -9.28496  0.00715912
         187    -9.25659    -9.28481  0.00712244
         188    -9.29511    -9.28486  0.00708477
         189    -9.29505    -9.28492  0.00704749
         190    -9.21407    -9.28454  0.00702026
         191    -9.34412    -9.28486  0.00699043
         192    -9.22911    -9.28456  0.00696004
         193    -9.40044    -9.28517  0.00694983
         194    -9.26343    -9.28505  0.00691491
         195    -9.32293    -9.28525  0.00688218
         196    -9.18011    -9.28471  0.00686794
         197    -9.23756    -9.28447  0.00683724
         198    -9.42597    -9.28519  0.00683996
         199    -9.32929    -9.28541  0.00680917
         200    -9.30524    -9.28551  0.00677585
         201    -9.32963    -9.28573   0.0067457
         202    -9.23328    -9.28547   0.0067173
         203     -9.3811    -9.28594  0.00670071
         204    -9.15398    -9.28529  0.00669901
         205    -9.39487    -9.28583  0.00668762
         206    -9.21427    -9.28548  0.00666417
         207    -9.24328    -9.28527   0.0066351
         208    -9.27912    -9.28524  0.00660326
         209    -9.37758    -9.28569  0.00658643
         210    -9.24567     -9.2855  0.00655782
         211    -9.34162    -9.28576  0.00653213
         212    -9.22624    -9.28548  0.00650735
         213    -9.18781    -9.28502  0.00649294
         214    -9.15675    -9.28442   0.0064902
         215    -9.21895    -9.28412  0.00646716
         216    -9.38577    -9.28459  0.00645432
         217    -9.26009    -9.28448  0.00642556
         218    -9.25437    -9.28434  0.00639757
         219    -9.36587    -9.28471  0.00637918
         220     -9.3319    -9.28493  0.00635379
         221    -9.25817     -9.2848  0.00632619
         222    -9.12308    -9.28408   0.0063395
         223    -9.12485    -9.28336  0.00635115
         224    -9.27835    -9.28334  0.00632284
         225     -9.1673    -9.28282  0.00631574
         226    -9.25477     -9.2827  0.00628901
         227    -9.36809    -9.28308  0.00627255
         228    -9.33013    -9.28328  0.00624843
         229    -9.38714    -9.28374  0.00623758
         230    -9.27721    -9.28371  0.00621053
         231    -9.18722    -9.28329  0.00619767
         232    -9.32879    -9.28349  0.00617406
         233    -9.35341    -9.28379  0.00615485
         234    -9.23871    -9.28359  0.00613156
         235    -9.26669    -9.28352  0.00610589
         236     -9.2264    -9.28328  0.00608482
         237    -9.23984     -9.2831   0.0060619
         238    -9.26085      -9.283  0.00603715
         239    -9.31127    -9.28312  0.00601305
         240    -9.25915    -9.28302  0.00598883
         241    -9.48577    -9.28386  0.00602278
         242    -9.50651    -9.28478  0.00606776
         243    -9.33407    -9.28498  0.00604618
         244    -9.31713    -9.28512  0.00602283
         245    -9.30904    -9.28521  0.00599904
         246    -9.19081    -9.28483  0.00598691
         247    -9.31032    -9.28493  0.00596356
         248    -9.20018    -9.28459   0.0059493
         249    -9.26308    -9.28451  0.00592604
         250     -9.3588     -9.2848  0.00590978
         251    -9.35102    -9.28507  0.00589212
         252     -9.3117    -9.28517  0.00586969
         253    -9.20701    -9.28486  0.00585461
         254    -9.28624    -9.28487  0.00583157
         255    -9.19756    -9.28453  0.00581874
         256    -9.34619    -9.28477  0.00580099
         257    -9.31211    -9.28487   0.0057794
         258    -9.35299    -9.28514  0.00576302
         259     -9.3813    -9.28551  0.00575272
         260    -9.32357    -9.28566  0.00573246
         261    -9.17571    -9.28523  0.00572595
         262    -9.20581    -9.28493  0.00571211
         263    -9.42628    -9.28547  0.00571562
         264    -9.21879    -9.28522  0.00569955
         265    -9.26162    -9.28513  0.00567874
         266    -9.31968    -9.28526  0.00565887
         267    -9.24283     -9.2851  0.00563991
         268    -9.34699    -9.28533  0.00562359
         269    -9.36446    -9.28562  0.00561037
         270    -9.29991    -9.28568  0.00558985
         271    -9.11994    -9.28506  0.00560258
         272    -9.18655     -9.2847  0.00559367
         273    -9.26497    -9.28463  0.00557365
         274    -9.39989    -9.28505  0.00556916
         275    -9.18572    -9.28469  0.00556061
         276    -9.27967    -9.28467  0.00554049
         277    -9.43185     -9.2852  0.00554591
         278    -9.42947    -9.28572  0.00555019
         279    -9.37368    -9.28604  0.00553924
         280    -9.36828    -9.28633  0.00552724
         281      -9.304    -9.28639  0.00550793
         282    -9.38932    -9.28676  0.00550047
         283    -9.39027    -9.28712  0.00549319
         284    -9.31663    -9.28723  0.00547483
         285    -9.09719    -9.28656  0.00549607
         286    -9.25451    -9.28645    0.005478
         287     -9.3605    -9.28671  0.00546498
         288    -9.29986    -9.28675   0.0054462
         289    -9.22104    -9.28653   0.0054321
         290     -9.1835    -9.28617  0.00542497
         291     -9.3744    -9.28647  0.00541479
         292    -9.27265    -9.28643  0.00539646
         293    -9.28867    -9.28643  0.00537805
         294     -9.4203    -9.28689  0.00537899
         295    -9.25513    -9.28678  0.00536184
         296    -9.40179    -9.28717  0.00535778
         297    -9.30096    -9.28722  0.00533994
         298    -9.20476    -9.28694  0.00532919
         299    -9.30607      -9.287  0.00531175
         300    -9.38537    -9.28733  0.00530415
         301    -9.41432    -9.28775  0.00530328
         302    -9.22317    -9.28754  0.00529003
         303     -9.4056    -9.28793  0.00528691
         304    -9.26684    -9.28786  0.00526997
         305    -9.34052    -9.28803  0.00525552
         306    -9.39335    -9.28838   0.0052496
         307    -9.32828    -9.28851  0.00523411
         308    -9.21456    -9.28827  0.00522262
         309    -9.27108    -9.28821  0.00520601
         310     -9.3163     -9.2883  0.00519001
         311    -9.27089    -9.28825  0.00517362
         312    -9.48372    -9.28887  0.00519484
         313    -9.34188    -9.28904    0.005181
         314    -9.09504    -9.28842  0.00520121
         315    -9.15191    -9.28799  0.00520272
         316    -9.30285    -9.28804  0.00518647
         317    -9.21625    -9.28781  0.00517505
         318    -9.20957    -9.28756  0.00516462
         319     -9.3462    -9.28775   0.0051517
         320    -9.24602    -9.28762  0.00513725
         321    -9.23301    -9.28745  0.00512406
         322    -9.25323    -9.28734  0.00510925
         323    -9.42937    -9.28778  0.00511232
         324    -9.43991    -9.28825  0.00511806
         325    -9.39231    -9.28857  0.00511232
         326    -9.38926    -9.28888  0.00510596
         327    -9.33569    -9.28902  0.00509235
         328    -9.31923    -9.28912  0.00507765
         329    -9.20758    -9.28887  0.00506827
         330    -9.20352    -9.28861   0.0050595
         331    -9.26987    -9.28855  0.00504453
         332    -9.40354     -9.2889  0.00504121
         333    -9.48288    -9.28948  0.00505962
         334    -9.27558    -9.28944  0.00504464
         335    -9.36743    -9.28967  0.00503495
         336    -9.30938    -9.28973  0.00502031
         337     -9.3726    -9.28998  0.00501143
         338      -9.384    -9.29025  0.00500432
         339    -9.34078     -9.2904  0.00499178
         340    -9.31075    -9.29046  0.00497745
         341    -9.19115    -9.29017  0.00497137
         342    -9.14844    -9.28976  0.00497408
         343     -9.3667    -9.28998  0.00496463
         344    -9.27838    -9.28995  0.00495031
         345    -9.37875    -9.29021  0.00494265
         346    -9.42756     -9.2906  0.00494428
         347    -9.16322    -9.29024  0.00494364
         348    -9.30144    -9.29027  0.00492954
         349    -9.31362    -9.29034  0.00491587
         350    -9.53098    -9.29102  0.00494968
         351    -9.31755     -9.2911  0.00493615
         352    -9.28949    -9.29109  0.00492213
         353    -9.25947      -9.291    0.004909
         354    -9.37185    -9.29123  0.00490044
         355    -9.20112    -9.29098  0.00489321
         356     -9.2796    -9.29095  0.00487957
         357    -9.24211    -9.29081  0.00486782
         358    -9.33127    -9.29092  0.00485553
         359    -9.28047    -9.29089  0.00484209
         360    -9.15434    -9.29051  0.00484348
         361    -9.28298    -9.29049  0.00483011
         362    -9.20282    -9.29025  0.00482283
         363    -9.22542    -9.29007  0.00481285
         364    -9.28612    -9.29006  0.00479964
         365    -9.23214     -9.2899  0.00478911
         366    -9.17817     -9.2896  0.00478575
         367    -9.40751    -9.28992  0.00478348
         368    -9.24371    -9.28979  0.00477213
         369    -9.28754    -9.28979   0.0047592
         370    -9.08018    -9.28922  0.00477994
         371    -9.30944    -9.28928  0.00476737
         372    -9.26226     -9.2892   0.0047551
         373    -9.18559    -9.28893  0.00475046
         374    -9.27909     -9.2889  0.00473783
         375    -9.46826    -9.28938  0.00474928
         376    -9.29474    -9.28939  0.00473667
         377    -9.40304    -9.28969  0.00473369
         378    -9.40017    -9.28999  0.00473018
         379    -9.26356    -9.28992  0.00471821
         380    -9.30463    -9.28995  0.00470596
         381    -9.31822    -9.29003  0.00469419
         382    -9.30217    -9.29006  0.00468201
         383    -9.51786    -9.29065  0.00470741
         384    -9.15186    -9.29029  0.00470901
         385     -9.2732    -9.29025  0.00469699
         386    -9.26591    -9.29019  0.00468524
         387    -9.41269     -9.2905  0.00468381
         388    -9.32947     -9.2906  0.00467282
         389    -9.36018    -9.29078  0.00466423
         390    -9.40208    -9.29107  0.00466099
         391    -9.20729    -9.29085  0.00465399
         392    -9.41092    -9.29116  0.00465219
         393    -9.31128    -9.29121  0.00464063
         394    -9.41428    -9.29152  0.00463936
         395    -9.28332     -9.2915  0.00462766
         396    -9.39146    -9.29175  0.00462285
         397    -9.24311    -9.29163  0.00461283
         398    -9.35011    -9.29178  0.00460358
         399    -9.15115    -9.29143  0.00460551
         400    -9.36816    -9.29162  0.00459799
         401    -9.28415     -9.2916  0.00458657
         402    -9.25135     -9.2915  0.00457625
         403    -9.27054    -9.29145  0.00456519
         404    -9.27917    -9.29142  0.00455399
         405    -9.23796    -9.29129  0.00454466
         406    -9.28976    -9.29128  0.00453347
         407    -9.25609    -9.29119  0.00452315
         408    -9.32243    -9.29127  0.00451271
         409    -9.25908    -9.29119  0.00450237
         410    -9.43729    -9.29155  0.00450546
         411     -9.4346     -9.2919  0.00450793
         412    -9.29517    -9.29191  0.00449699
         413    -9.14963    -9.29156  0.00449928
         414    -9.42552    -9.29188  0.00450003
         415    -9.44346    -9.29225  0.00450399
         416    -9.33167    -9.29234  0.00449416
         417    -9.37583    -9.29254  0.00448784
         418    -9.31251    -9.29259  0.00447735
         419    -9.28921    -9.29258  0.00446667
         420    -9.35266    -9.29273  0.00445833
         421    -9.21049    -9.29253  0.00445202
         422    -9.23805     -9.2924  0.00444334
         423     -9.4158    -9.29269   0.0044424
         424    -9.21661    -9.29251  0.00443555
         425    -9.12974    -9.29213  0.00444161
         426     -9.2515    -9.29204  0.00443221
         427     -9.2601    -9.29196  0.00442246
         428    -9.29895    -9.29198  0.00441216
         429    -9.22247    -9.29182  0.00440485
         430    -9.27622    -9.29178  0.00439476
         431    -9.11609    -9.29137  0.00440342
         432    -9.25609    -9.29129  0.00439399
         433    -9.24776    -9.29119  0.00438499
         434    -9.19191    -9.29096  0.00438085
         435    -9.34297    -9.29108  0.00437241
         436    -9.40983    -9.29135  0.00437086
         437    -9.18701    -9.29111  0.00436737
         438    -9.50717    -9.29161  0.00438517
         439     -9.5302    -9.29215  0.00440873
         440    -9.32995    -9.29224  0.00439955
         441    -9.27852    -9.29221  0.00438968
         442    -9.34003    -9.29231  0.00438108
         443    -9.30336    -9.29234  0.00437126
         444    -9.33932    -9.29244   0.0043627
         445    -9.28483    -9.29243  0.00435293
         446      -9.318    -9.29249  0.00434355
         447    -9.32564    -9.29256  0.00433446
         448    -9.33621    -9.29266  0.00432588
         449    -9.28588    -9.29264  0.00431628
         450     -9.3449    -9.29276  0.00430825
         451    -9.44955    -9.29311   0.0043127
         452    -9.31535    -9.29315  0.00430344
         453    -9.44309    -9.29349  0.00430665
         454    -9.35757    -9.29363  0.00429947
         455    -9.51683    -9.29412  0.00431792
         456    -9.28693     -9.2941  0.00430848
         457    -9.25784    -9.29402  0.00429978
         458    -9.38909    -9.29423   0.0042954
         459    -9.36272    -9.29438  0.00428863
         460    -9.24724    -9.29428  0.00428053
         461    -9.30529     -9.2943  0.00427132
         462    -9.44902    -9.29464  0.00427518
         463    -9.31854    -9.29469  0.00426626
         464    -9.27776    -9.29465  0.00425722
         465    -9.30593    -9.29467  0.00424813
         466    -9.27053    -9.29462  0.00423933
         467    -9.22608    -9.29448  0.00423279
         468    -9.15862    -9.29419  0.00423369
         469    -9.31996    -9.29424  0.00422502
         470    -9.23988    -9.29413  0.00421761
         471    -9.26059    -9.29405  0.00420926
         472    -9.32812    -9.29413  0.00420096
         473    -9.35469    -9.29425  0.00419403
         474    -9.28329    -9.29423  0.00418525
         475    -9.41617    -9.29449   0.0041843
         476    -9.40471    -9.29472  0.00418191
         477    -9.32296    -9.29478  0.00417356
         478    -9.42971    -9.29506  0.00417437
         479    -9.26151    -9.29499  0.00416624
         480    -9.36122    -9.29513  0.00415985
         481    -9.13195    -9.29479  0.00416501
         482    -9.31667    -9.29483  0.00415661
         483    -9.25178    -9.29475  0.00414896
         484    -9.24907    -9.29465  0.00414146
         485    -9.27123     -9.2946  0.00413321
         486    -9.28186    -9.29458  0.00412479
         487    -9.20481    -9.29439  0.00412043
         488    -9.24775     -9.2943   0.0041131
         489    -9.32964    -9.29437  0.00410532
         490    -9.19751    -9.29417   0.0041017
         491    -9.24871    -9.29408  0.00409439
         492    -9.36967    -9.29423  0.00408895
         493    -9.27933     -9.2942  0.00408077
         494     -9.2393    -9.29409  0.00407402
         495    -9.26535    -9.29403   0.0040662
         496    -9.25356    -9.29395  0.00405882
         497    -9.42543    -9.29422  0.00405927
         498    -9.43963    -9.29451  0.00406161
         499    -9.36943    -9.29466  0.00405624
         500     -9.1868    -9.29444  0.00405386
