#     BLOCK:   ACTUAL_KE:    KE_AVE:      ERROR:
           1     1.21742     1.21742           0
           2     1.19777      1.2076  0.00694455
           3     1.19712      1.2041  0.00543737
           4      1.2054     1.20443  0.00408766
           5     1.21243     1.20603  0.00356952
           6     1.19214     1.20371  0.00364857
           7     1.21636     1.20552  0.00354673
           8     1.20728     1.20574  0.00311017
           9     1.19877     1.20496  0.00285936
          10     1.22308     1.20678  0.00309463
          11     1.19048      1.2053  0.00314795
          12     1.21978      1.2065  0.00310835
          13     1.20218     1.20617  0.00288701
          14      1.2002     1.20574  0.00271206
          15     1.21556      1.2064  0.00260908
          16     1.20864     1.20654  0.00244977
          17     1.20238     1.20629  0.00231784
          18     1.20545     1.20625  0.00218954
          19     1.21179     1.20654  0.00209368
          20      1.2054     1.20648  0.00198976
          21     1.21899     1.20708  0.00198214
          22     1.18904     1.20626  0.00205454
          23     1.22951     1.20727  0.00219994
          24     1.20039     1.20698  0.00212685
          25     1.20156     1.20677  0.00205282
          26     1.22337      1.2074  0.00207082
          27     1.19776     1.20705  0.00202466
          28     1.19821     1.20673  0.00197682
          29      1.2199     1.20719  0.00196011
          30     1.19923     1.20692  0.00191263
          31     1.20569     1.20688  0.00185134
          32     1.21083       1.207  0.00179759
          33      1.2046     1.20693  0.00174459
          34     1.20316     1.20682   0.0016968
          35     1.20721     1.20683  0.00164835
          36     1.20329     1.20673   0.0016055
          37     1.20719     1.20674  0.00156215
          38     1.20283     1.20664  0.00152443
          39     1.21079     1.20675  0.00148904
          40     1.20983     1.20683   0.0014538
          41     1.20388     1.20675  0.00142012
          42     1.21021     1.20684  0.00138869
          43     1.21122     1.20694  0.00136014
          44      1.2014     1.20681  0.00133504
          45       1.207     1.20682  0.00130538
          46     1.20811     1.20684   0.0012773
          47      1.2054     1.20681  0.00125049
          48     1.20667     1.20681  0.00122445
          49     1.20267     1.20673  0.00120237
          50     1.20933     1.20678  0.00117945
          51     1.20541     1.20675  0.00115663
          52     1.19627     1.20655  0.00115183
          53     1.22604     1.20692  0.00118734
          54      1.1933     1.20667  0.00119182
          55      1.2166     1.20685  0.00118375
          56     1.20998      1.2069  0.00116393
          57     1.20093      1.2068  0.00114823
          58     1.21268      1.2069  0.00113291
          59     1.21015     1.20695  0.00111504
          60     1.20572     1.20693  0.00109664
          61     1.20177     1.20685  0.00108193
          62     1.20755     1.20686  0.00106454
          63     1.21329     1.20696  0.00105252
          64     1.20486     1.20693  0.00103659
          65     1.20582     1.20691  0.00102078
          66     1.19938      1.2068  0.00101168
          67     1.21627     1.20694  0.00100642
          68     1.19871     1.20682 0.000998875
          69     1.20991     1.20686   0.0009854
          70     1.21228     1.20694 0.000974363
          71     1.19726      1.2068 0.000970125
          72     1.20548     1.20679 0.000956825
          73     1.21587     1.20691 0.000951778
          74     1.19358     1.20673 0.000955819
          75     1.21618     1.20686 0.000951337
          76      1.1922     1.20666 0.000958168
          77     1.22062     1.20684 0.000962709
          78     1.19334     1.20667 0.000965804
          79     1.21449     1.20677 0.000958637
          80     1.19795     1.20666 0.000952976
          81     1.20374     1.20662 0.000941892
          82     1.21056     1.20667 0.000931626
          83     1.20812     1.20669 0.000920565
          84     1.20696     1.20669 0.000909611
          85      1.2106     1.20674 0.000900074
          86     1.20661     1.20674 0.000889609
          87     1.20541     1.20672 0.000879515
          88     1.19889     1.20663 0.000874015
          89     1.20573     1.20662 0.000864253
          90     1.21285     1.20669  0.00085742
          91     1.20198     1.20664 0.000849559
          92     1.21114     1.20669 0.000841731
          93     1.21046     1.20673 0.000833657
          94     1.20449     1.20671  0.00082513
          95     1.20743     1.20671 0.000816479
          96     1.21656     1.20682 0.000814386
          97     1.20313     1.20678 0.000806876
          98     1.20111     1.20672 0.000800712
          99     1.20184     1.20667 0.000794141
         100     1.21408     1.20674 0.000789649
         101     1.20315     1.20671 0.000782633
         102     1.20224     1.20666 0.000776187
         103     1.21392     1.20674 0.000771838
         104     1.20006     1.20667 0.000767079
         105     1.20136     1.20662  0.00076144
         106     1.21375     1.20669 0.000757224
         107     1.21422     1.20676  0.00075341
         108     1.20683     1.20676 0.000746434
         109     1.21149      1.2068  0.00074085
         110     1.21159     1.20685  0.00073539
         111     1.19901     1.20678 0.000732141
         112     1.21042     1.20681 0.000726325
         113     1.20253     1.20677 0.000720885
         114     1.20635     1.20677 0.000714571
         115     1.20633     1.20676 0.000708368
         116     1.20057     1.20671 0.000704269
         117     1.21261     1.20676 0.000700053
         118     1.20706     1.20676 0.000694125
         119     1.20392     1.20674 0.000688702
         120     1.19921     1.20668 0.000685815
         121     1.21301     1.20673 0.000682144
         122     1.21345     1.20678 0.000678775
         123     1.20167     1.20674  0.00067453
         124      1.2116     1.20678 0.000670227
         125     1.21199     1.20682 0.000666159
         126      1.2067     1.20682 0.000660872
         127     1.20434      1.2068 0.000655958
         128     1.20979     1.20683 0.000651248
         129     1.20313      1.2068 0.000646829
         130     1.20717      1.2068  0.00064186
         131     1.20346     1.20677 0.000637466
         132     1.20275     1.20674 0.000633364
         133     1.20669     1.20674 0.000628602
         134     1.20995     1.20677 0.000624367
         135     1.20085     1.20672 0.000621278
         136     1.19082     1.20661 0.000627612
         137     1.20364     1.20658 0.000623404
         138     1.21688     1.20666 0.000623332
         139     1.20791     1.20667 0.000618913
         140     1.20002     1.20662 0.000616309
         141     1.21195     1.20666 0.000613096
         142     1.20721     1.20666  0.00060879
         143     1.21896     1.20675 0.000610577
         144     1.19986      1.2067 0.000608208
         145     1.20978     1.20672 0.000604384
         146     1.21293     1.20676 0.000601738
         147     1.21277     1.20681 0.000599028
         148     1.21443     1.20686 0.000597194
         149     1.19849      1.2068 0.000595819
         150     1.21937     1.20688 0.000597707
         151     1.19748     1.20682 0.000596984
         152     1.20665     1.20682 0.000593058
         153     1.20929     1.20684 0.000589401
         154     1.20543     1.20683 0.000585645
         155      1.2078     1.20683   0.0005819
         156     1.21532     1.20689 0.000580705
         157      1.2011     1.20685 0.000578176
         158     1.19474     1.20677 0.000579572
         159     1.22089     1.20686 0.000582686
         160     1.20412     1.20685 0.000579295
         161     1.20453     1.20683 0.000575875
         162     1.20272     1.20681  0.00057288
         163     1.21443     1.20685 0.000571274
         164     1.20727     1.20686 0.000567796
         165     1.20506     1.20685 0.000564459
         166     1.20071     1.20681 0.000562269
         167      1.2193     1.20688 0.000563859
         168     1.19845     1.20683 0.000562733
         169     1.20592     1.20683 0.000559429
         170     1.19789     1.20677 0.000558601
         171     1.20488     1.20676 0.000555444
         172     1.20903     1.20678 0.000552371
         173     1.21497     1.20682 0.000551203
         174     1.21016     1.20684 0.000548369
         175     1.20312     1.20682 0.000545648
         176      1.2165     1.20688 0.000545314
         177     1.20409     1.20686  0.00054246
         178     1.20569     1.20685 0.000539453
         179     1.21546      1.2069 0.000538577
         180     1.20082     1.20687 0.000536643
         181     1.21136     1.20689 0.000534251
         182     1.20349     1.20688 0.000531643
         183     1.19257      1.2068 0.000534453
         184     1.21562     1.20685 0.000533695
         185     1.20807     1.20685 0.000530852
         186     1.19748      1.2068 0.000530384
         187     1.21841     1.20686  0.00053117
         188     1.19815     1.20682 0.000530361
         189     1.20488     1.20681 0.000527653
         190     1.20317     1.20679 0.000525223
         191     1.19887     1.20675 0.000524109
         192     1.20823     1.20675 0.000521436
         193     1.21355     1.20679 0.000519921
         194     1.18946      1.2067 0.000524856
         195     1.22109     1.20677 0.000527329
         196     1.18825     1.20668 0.000533036
         197     1.22714     1.20678 0.000540358
         198     1.20397     1.20677 0.000537815
         199     1.21585     1.20681 0.000537045
         200     1.19853     1.20677 0.000535954
         201     1.19828     1.20673 0.000534952
         202     1.21026     1.20675 0.000532589
         203     1.19968     1.20671 0.000531101
         204     1.21466     1.20675 0.000529924
         205     1.20615     1.20675 0.000527347
         206     1.20363     1.20673 0.000525005
         207     1.19709     1.20669 0.000524532
         208     1.20647     1.20669 0.000522011
         209     1.21579     1.20673  0.00052133
         210     1.19983      1.2067 0.000519882
         211     1.21239     1.20672 0.000518117
         212     1.20633     1.20672 0.000515676
         213     1.19924     1.20669  0.00051445
         214     1.19799     1.20665 0.000513647
         215     1.21136     1.20667 0.000511727
         216     1.20195     1.20665 0.000509824
         217     1.20794     1.20665  0.00050751
         218     1.20614     1.20665 0.000505187
         219       1.201     1.20662 0.000503538
         220     1.21536     1.20666 0.000502813
         221       1.199     1.20663 0.000501733
         222     1.20556     1.20662 0.000499496
         223       1.218     1.20668 0.000499851
         224     1.20175     1.20665 0.000498104
         225     1.20704     1.20666 0.000495893
         226     1.21715      1.2067  0.00049587
         227     1.19113     1.20663 0.000498409
         228     1.21435     1.20667 0.000497372
         229     1.21342      1.2067 0.000496072
         230      1.1965     1.20665 0.000495893
         231     1.21895     1.20671 0.000496596
         232      1.2019     1.20668 0.000494887
         233      1.2171     1.20673 0.000494779
         234     1.21227     1.20675 0.000493231
         235     1.20515     1.20675 0.000491179
         236     1.21086     1.20676 0.000489407
         237     1.20654     1.20676 0.000487343
         238     1.21166     1.20678  0.00048573
         239     1.20519     1.20678 0.000483743
         240     1.20568     1.20677 0.000481749
         241     1.21052     1.20679 0.000480001
         242     1.20508     1.20678 0.000478069
         243     1.20584     1.20678 0.000476118
         244     1.21078     1.20679 0.000474449
         245     1.20714     1.20679 0.000472514
         246     1.20643     1.20679 0.000470596
         247     1.20965      1.2068 0.000468833
         248     1.21606     1.20684 0.000468427
         249     1.19471     1.20679 0.000469073
         250     1.20378     1.20678 0.000467351
         251     1.19379     1.20673 0.000468346
         252     1.20676     1.20673 0.000466488
         253     1.20301     1.20672 0.000464875
         254     1.20335      1.2067 0.000463233
         255      1.2026     1.20669 0.000461695
         256      1.2062     1.20668 0.000459896
         257     1.21523     1.20672 0.000459306
         258     1.19274     1.20666 0.000460709
         259     1.20679     1.20666  0.00045893
         260     1.21636      1.2067 0.000458677
         261     1.20859     1.20671 0.000456977
         262     1.21409     1.20674 0.000456101
         263     1.20972     1.20675 0.000454508
         264     1.21318     1.20677 0.000453439
         265     1.19932     1.20674 0.000452598
         266     1.21439     1.20677  0.00045181
         267     1.21235     1.20679 0.000450601
         268     1.19722     1.20676 0.000450332
         269      1.2038     1.20675 0.000448792
         270      1.2013     1.20673 0.000447584
         271     1.20994     1.20674 0.000446089
         272     1.21139     1.20676 0.000444776
         273     1.21037     1.20677 0.000443344
         274     1.20679     1.20677 0.000441726
         275     1.20424     1.20676 0.000440216
         276     1.21587     1.20679 0.000439855
         277     1.20422     1.20678 0.000438365
         278     1.20827     1.20679 0.000436821
         279     1.21479     1.20682 0.000436196
         280       1.203      1.2068 0.000434852
         281      1.2135     1.20683 0.000433957
         282     1.21036     1.20684 0.000432599
         283     1.20015     1.20682 0.000431716
         284     1.20644     1.20682 0.000430198
         285     1.19896     1.20679  0.00042957
         286     1.21042      1.2068 0.000428256
         287     1.21527     1.20683  0.00042778
         288     1.20473     1.20682 0.000426357
         289     1.19619     1.20679 0.000426466
         290     1.21986     1.20683 0.000427372
         291     1.19682      1.2068 0.000427286
         292     1.20359     1.20679 0.000425964
         293     1.21825     1.20682 0.000426303
         294      1.1993      1.2068 0.000425619
         295     1.20572      1.2068 0.000424192
         296     1.21182     1.20681 0.000423099
         297     1.20641     1.20681 0.000421677
         298     1.20718     1.20681 0.000420263
         299     1.20626     1.20681 0.000418862
         300     1.19907     1.20678  0.00041826
         301     1.21698     1.20682 0.000418241
         302     1.19999      1.2068 0.000417467
         303     1.21003     1.20681 0.000416226
         304     1.20137     1.20679  0.00041524
         305     1.21124      1.2068 0.000414136
         306     1.21064     1.20682 0.000412972
         307      1.2115     1.20683 0.000411909
         308     1.20341     1.20682 0.000410722
         309     1.21668     1.20685 0.000410631
         310      1.1972     1.20682 0.000410486
         311     1.20707     1.20682 0.000409167
         312     1.20517     1.20682  0.00040789
         313     1.20603     1.20681 0.000406595
         314      1.2114     1.20683 0.000405562
         315     1.20589     1.20683 0.000404285
         316     1.20693     1.20683 0.000403006
         317     1.21087     1.20684 0.000401937
         318     1.20428     1.20683 0.000400753
         319      1.2091     1.20684  0.00039956
         320     1.20974     1.20685 0.000398415
         321     1.20786     1.20685 0.000397186
         322     1.21622     1.20688 0.000397017
         323      1.2031     1.20687  0.00039596
         324     1.21762      1.2069 0.000396126
         325     1.20016     1.20688 0.000395449
         326     1.21517      1.2069 0.000395052
         327     1.20509      1.2069 0.000393883
         328     1.20388     1.20689 0.000392789
         329     1.21245     1.20691 0.000391959
         330     1.20882     1.20691 0.000390814
         331     1.21107     1.20693 0.000389835
         332      1.2058     1.20692 0.000388676
         333     1.20876     1.20693 0.000387548
         334     1.21017     1.20694 0.000386509
         335     1.20608     1.20693 0.000385364
         336      1.2023     1.20692 0.000384464
         337     1.20188     1.20691 0.000383614
         338     1.21713     1.20694 0.000383671
         339     1.20149     1.20692 0.000382876
         340     1.21402     1.20694 0.000382319
         341     1.20023     1.20692 0.000381704
         342     1.19988      1.2069 0.000381144
         343     1.21939     1.20694 0.000381767
         344     1.19785     1.20691 0.000381571
         345     1.21971     1.20695 0.000382266
         346     1.20331     1.20694 0.000381305
         347     1.21435     1.20696 0.000380805
         348     1.20278     1.20695   0.0003799
         349     1.19893     1.20692 0.000379504
         350     1.21122     1.20694 0.000378618
         351     1.20519     1.20693 0.000377572
         352     1.21283     1.20695 0.000376872
         353     1.21029     1.20696 0.000375923
         354     1.20901     1.20696 0.000374906
         355     1.20234     1.20695 0.000374076
         356     1.20582     1.20695 0.000373039
         357     1.21338     1.20696 0.000372429
         358     1.20482     1.20696 0.000371437
         359     1.20966     1.20697 0.000370478
         360     1.21199     1.20698 0.000369712
         361     1.19987     1.20696 0.000369213
         362     1.20724     1.20696 0.000368194
         363     1.20791     1.20696 0.000367188
         364     1.21122     1.20698 0.000366366
         365     1.20869     1.20698 0.000365393
         366     1.21379       1.207 0.000364868
         367     1.20319     1.20699 0.000364021
         368     1.20424     1.20698 0.000363108
         369     1.20567     1.20698 0.000362142
         370     1.21744     1.20701 0.000362266
         371     1.20214     1.20699 0.000361526
         372     1.21562     1.20702 0.000361298
         373     1.19412     1.20698  0.00036198
         374     1.22021     1.20702 0.000362736
         375     1.20423     1.20701 0.000361845
         376     1.20298       1.207 0.000361041
         377     1.20649       1.207 0.000360085
         378     1.21366     1.20702 0.000359564
         379     1.21466     1.20704 0.000359181
         380      1.1957     1.20701 0.000359472
         381     1.21163     1.20702 0.000358733
         382      1.2087     1.20702 0.000357821
         383     1.21484     1.20704 0.000357469
         384     1.19935     1.20702 0.000357099
         385     1.21323     1.20704 0.000356535
         386     1.20803     1.20704 0.000355621
         387     1.20156     1.20703 0.000354983
         388     1.21916     1.20706 0.000355444
         389     1.19239     1.20702 0.000356525
         390     1.21591     1.20704 0.000356339
         391     1.20172     1.20703 0.000355688
         392      1.2212     1.20707 0.000356613
         393     1.19445     1.20703 0.000357149
         394     1.21037     1.20704 0.000356342
         395     1.21548     1.20706  0.00035608
         396     1.21324     1.20708 0.000355522
         397      1.2058     1.20708 0.000354641
         398     1.20487     1.20707 0.000353794
         399     1.20761     1.20707  0.00035291
         400     1.20101     1.20706 0.000352352
         401     1.20291     1.20705 0.000351625
         402     1.21493     1.20707 0.000351297
         403     1.21022     1.20707 0.000350512
         404     1.20115     1.20706 0.000349951
         405     1.20989     1.20707 0.000349157
         406     1.21184     1.20708 0.000348495
         407     1.20752     1.20708  0.00034764
         408     1.19511     1.20705 0.000348023
         409      1.2013     1.20704 0.000347456
         410     1.20966     1.20704 0.000346668
         411     1.20269     1.20703 0.000345986
         412     1.21107     1.20704 0.000345285
         413     1.20948     1.20705   0.0003445
         414     1.18796       1.207 0.000346739
         415     1.21209     1.20701  0.00034612
         416     1.20265       1.207 0.000345447
         417     1.20103     1.20699 0.000344916
         418     1.20866     1.20699 0.000344114
         419     1.19989     1.20698  0.00034371
         420     1.21811       1.207 0.000343912
         421     1.20096     1.20699 0.000343394
         422     1.20311     1.20698 0.000342704
         423     1.20933     1.20698 0.000341939
         424     1.19694     1.20696 0.000341951
         425     1.21543     1.20698 0.000341727
         426      1.2031     1.20697 0.000341046
         427     1.20947     1.20698 0.000340298
         428     1.21561       1.207 0.000340099
         429     1.21035       1.207 0.000339396
         430     1.20667       1.207 0.000338608
         431     1.20237     1.20699 0.000337993
         432     1.20786       1.207 0.000337216
         433     1.21423     1.20701 0.000336851
         434      1.1988     1.20699 0.000336606
         435     1.20899       1.207 0.000335864
         436     1.21056     1.20701 0.000335193
         437     1.20259       1.207 0.000334578
         438     1.20837       1.207 0.000333829
         439     1.20502     1.20699 0.000333099
         440     1.20621     1.20699 0.000332346
         441     1.19822     1.20697 0.000332188
         442     1.20591     1.20697 0.000331445
         443     1.21347     1.20698 0.000331022
         444     1.20093     1.20697 0.000330557
         445     1.21303     1.20698 0.000330095
         446     1.20098     1.20697 0.000329629
         447     1.20954     1.20698 0.000328942
         448     1.19796     1.20696 0.000328823
         449     1.21603     1.20698  0.00032871
         450     1.20482     1.20697 0.000328015
         451     1.20864     1.20698 0.000327308
         452     1.19753     1.20696 0.000327251
         453      1.2229     1.20699 0.000328417
         454     1.20087     1.20698  0.00032797
         455     1.20195     1.20697 0.000327435
         456     1.20529     1.20696 0.000326738
         457      1.2105     1.20697 0.000326115
         458     1.20543     1.20697  0.00032542
         459     1.21052     1.20697 0.000324803
         460     1.20163     1.20696 0.000324305
         461     1.20791     1.20696 0.000323608
         462     1.20735     1.20697 0.000322908
         463     1.22926     1.20701 0.000325783
         464     1.19715     1.20699 0.000325773
         465     1.21196       1.207 0.000325247
         466     1.20104     1.20699 0.000324801
         467      1.2179     1.20701 0.000324945
         468      1.2035     1.20701 0.000324337
         469     1.21475     1.20702 0.000324066
         470     1.20073     1.20701 0.000323652
         471     1.20854     1.20701 0.000322982
         472     1.20332       1.207 0.000322392
         473     1.20713     1.20701 0.000321711
         474     1.20181     1.20699 0.000321218
         475     1.20814       1.207 0.000320551
         476     1.22121     1.20703 0.000321266
         477     1.19031     1.20699 0.000322498
         478     1.20506     1.20699 0.000321848
         479     1.21988     1.20701   0.0003223
         480      1.2079     1.20702 0.000321634
         481     1.20421     1.20701 0.000321018
         482     1.21695     1.20703 0.000321013
         483     1.19224       1.207 0.000321806
         484      1.1984     1.20698 0.000321631
         485     1.22213     1.20701 0.000322482
         486     1.21601     1.20703 0.000322348
         487     1.20265     1.20702 0.000321812
         488     1.20936     1.20703 0.000321188
         489     1.20674     1.20703 0.000320532
         490     1.20956     1.20703 0.000319919
         491     1.20803     1.20703 0.000319274
         492     1.19842     1.20702 0.000319105
         493     1.19709       1.207 0.000319093
         494     1.20735       1.207 0.000318448
         495     1.20591       1.207 0.000317812
         496     1.20026     1.20698 0.000317462
         497     1.20644     1.20698 0.000316825
         498     1.21397     1.20699 0.000316499
         499     1.21022       1.207 0.000315931
         500     1.20565       1.207 0.000315311
