#     BLOCK:  ACTUAL_PE:     PE_AVE:      ERROR:
           1    -6.66651    -6.66651           0
           2    -6.64499    -6.65575  0.00760973
           3    -6.64476    -6.65209  0.00588883
           4    -6.65336     -6.6524  0.00442528
           5    -6.66119    -6.65416  0.00387365
           6    -6.63996     -6.6518  0.00388415
           7    -6.66422    -6.65357  0.00371254
           8    -6.65547    -6.65381  0.00325606
           9    -6.64691    -6.65304  0.00298322
          10    -6.67025    -6.65476  0.00314211
          11    -6.63793    -6.65323  0.00320755
          12    -6.66687    -6.65437  0.00313519
          13    -6.64889    -6.65395  0.00292219
          14    -6.64774     -6.6535  0.00274694
          15    -6.66353    -6.65417  0.00264383
          16    -6.65695    -6.65435  0.00248427
          17    -6.64977    -6.65408  0.00235264
          18    -6.65214    -6.65397  0.00222439
          19    -6.65919    -6.65424   0.0021242
          20     -6.6528    -6.65417  0.00201922
          21    -6.66679    -6.65477  0.00201054
          22    -6.63562     -6.6539  0.00209924
          23    -6.67674    -6.65489  0.00223056
          24     -6.6481    -6.65461  0.00215551
          25    -6.64844    -6.65436  0.00208339
          26    -6.67202    -6.65504  0.00211105
          27    -6.64501    -6.65467  0.00206533
          28     -6.6453    -6.65434  0.00201852
          29    -6.66879    -6.65484  0.00200951
          30    -6.64564    -6.65453  0.00196575
          31     -6.6528    -6.65447  0.00190313
          32    -6.65825    -6.65459  0.00184731
          33    -6.65199    -6.65451  0.00179302
          34    -6.65216    -6.65444  0.00174162
          35    -6.65533    -6.65447  0.00169204
          36    -6.65126    -6.65438  0.00164738
          37    -6.65437    -6.65438  0.00160286
          38    -6.65222    -6.65432  0.00156168
          39    -6.65885    -6.65444  0.00152594
          40     -6.6578    -6.65452   0.0014901
          41    -6.65201    -6.65446  0.00145502
          42    -6.65755    -6.65453  0.00142224
          43    -6.65937    -6.65465   0.0013936
          44    -6.65156    -6.65458  0.00136369
          45    -6.65556     -6.6546  0.00133356
          46    -6.65585    -6.65463  0.00130484
          47    -6.65353     -6.6546  0.00127729
          48     -6.6537    -6.65458  0.00125082
          49    -6.65148    -6.65452  0.00122689
          50    -6.65591    -6.65455  0.00120267
          51    -6.65372    -6.65453   0.0011792
          52      -6.644    -6.65433  0.00117377
          53    -6.67456    -6.65471   0.0012121
          54    -6.64157    -6.65447  0.00121384
          55    -6.66465    -6.65465   0.0012058
          56    -6.65786    -6.65471  0.00118563
          57    -6.64838     -6.6546  0.00117002
          58    -6.66084    -6.65471  0.00115479
          59    -6.65792    -6.65476   0.0011365
          60     -6.6529    -6.65473  0.00111798
          61    -6.64859    -6.65463  0.00110418
          62    -6.65485    -6.65463  0.00108638
          63    -6.66025    -6.65472  0.00107279
          64    -6.65334     -6.6547  0.00105624
          65    -6.65467     -6.6547  0.00103999
          66    -6.64615    -6.65457  0.00103228
          67    -6.66447    -6.65472   0.0010274
          68    -6.64723    -6.65461  0.00101817
          69    -6.65787    -6.65466  0.00100451
          70    -6.65965    -6.65473  0.00099269
          71    -6.64564     -6.6546 0.000986932
          72    -6.65422    -6.65459 0.000973238
          73      -6.664    -6.65472 0.000968396
          74    -6.63985    -6.65452 0.000975951
          75    -6.66418    -6.65465 0.000971393
          76    -6.63997    -6.65446 0.000977636
          77    -6.66839    -6.65464  0.00098153
          78    -6.64191    -6.65448 0.000982408
          79     -6.6633    -6.65459 0.000976296
          80     -6.6458    -6.65448 0.000970258
          81    -6.65022    -6.65442 0.000959701
          82    -6.65753    -6.65446 0.000948746
          83     -6.6556    -6.65448 0.000937413
          84    -6.65293    -6.65446 0.000926435
          85    -6.65883    -6.65451  0.00091696
          86    -6.65564    -6.65452 0.000906392
          87    -6.65167    -6.65449 0.000896565
          88    -6.64679     -6.6544 0.000890638
          89    -6.65249    -6.65438 0.000880889
          90    -6.66076    -6.65445 0.000873952
          91    -6.65192    -6.65442 0.000864791
          92    -6.65901    -6.65447 0.000856826
          93     -6.6573     -6.6545 0.000848151
          94    -6.65369    -6.65449 0.000839172
          95    -6.65552    -6.65451 0.000830409
          96    -6.66511    -6.65462 0.000829075
          97    -6.65088    -6.65458 0.000821421
          98     -6.6484    -6.65451 0.000815452
          99    -6.65057    -6.65447 0.000808187
         100    -6.66128    -6.65454 0.000802964
         101    -6.65149    -6.65451 0.000795581
         102    -6.64841    -6.65445 0.000790032
         103    -6.66228    -6.65453 0.000786005
         104    -6.64757    -6.65446 0.000781291
         105    -6.64925    -6.65441 0.000775425
         106    -6.66209    -6.65448 0.000771481
         107    -6.66073    -6.65454 0.000766478
         108    -6.65448    -6.65454 0.000759381
         109    -6.66102     -6.6546 0.000754738
         110    -6.66035    -6.65465 0.000749685
         111    -6.64607    -6.65458 0.000746913
         112    -6.65879    -6.65461 0.000741192
         113    -6.64908    -6.65457  0.00073625
         114    -6.65425    -6.65456 0.000729797
         115    -6.65369    -6.65456 0.000723491
         116    -6.64845     -6.6545 0.000719167
         117      -6.661    -6.65456 0.000715162
         118    -6.65549    -6.65457 0.000709145
         119    -6.65084    -6.65453 0.000703875
         120    -6.64621    -6.65447 0.000701416
         121    -6.66091    -6.65452  0.00069764
         122    -6.66219    -6.65458 0.000694749
         123    -6.64787    -6.65453 0.000691242
         124    -6.65943    -6.65457   0.0006868
         125    -6.65864     -6.6546 0.000682076
         126    -6.65332    -6.65459 0.000676739
         127     -6.6517    -6.65457 0.000671793
         128    -6.65813    -6.65459  0.00066712
         129    -6.65024    -6.65456 0.000662803
         130    -6.65422    -6.65456 0.000657709
         131    -6.64992    -6.65452 0.000653641
         132    -6.64984    -6.65449 0.000649653
         133    -6.65409    -6.65448 0.000644775
         134    -6.65805    -6.65451 0.000640512
         135    -6.64794    -6.65446 0.000637612
         136    -6.63814    -6.65434  0.00064412
         137    -6.65091    -6.65432 0.000639906
         138     -6.6639    -6.65439 0.000639023
         139    -6.65536    -6.65439 0.000634464
         140    -6.64731    -6.65434 0.000631946
         141    -6.65995    -6.65438 0.000628713
         142    -6.65337    -6.65437 0.000624326
         143    -6.66645    -6.65446 0.000625648
         144    -6.64814    -6.65442 0.000622839
         145    -6.65625    -6.65443 0.000618672
         146    -6.66089    -6.65447 0.000616014
         147     -6.6605    -6.65451 0.000613187
         148     -6.6616    -6.65456 0.000610908
         149      -6.645     -6.6545  0.00061017
         150    -6.66671    -6.65458 0.000611514
         151    -6.64465    -6.65451 0.000610988
         152     -6.6542    -6.65451 0.000606972
         153     -6.6566    -6.65452 0.000603158
         154      -6.652    -6.65451 0.000599465
         155    -6.65534    -6.65451 0.000595621
         156    -6.66367    -6.65457 0.000594689
         157    -6.64922    -6.65454 0.000591878
         158    -6.64123    -6.65445 0.000594095
         159    -6.66875    -6.65454 0.000597128
         160    -6.65299    -6.65453 0.000593475
         161    -6.65068    -6.65451 0.000590271
         162    -6.65045    -6.65448 0.000587158
         163    -6.66175    -6.65453 0.000585244
         164    -6.65506    -6.65453 0.000581684
         165    -6.65401    -6.65453 0.000578168
         166    -6.64728    -6.65449 0.000576332
         167      -6.668    -6.65457 0.000578532
         168    -6.64583    -6.65451 0.000577419
         169     -6.6544    -6.65451 0.000574003
         170    -6.64483    -6.65446 0.000573446
         171    -6.65208    -6.65444 0.000570261
         172    -6.65661    -6.65446 0.000567085
         173    -6.66351    -6.65451 0.000566219
         174    -6.65812    -6.65453 0.000563346
         175    -6.65136    -6.65451 0.000560418
         176    -6.66275    -6.65456 0.000559186
         177    -6.65147    -6.65454 0.000556299
         178     -6.6539    -6.65454 0.000553185
         179    -6.66268    -6.65458 0.000551963
         180    -6.64777    -6.65454 0.000550191
         181    -6.65847    -6.65457 0.000547579
         182    -6.65088    -6.65455 0.000544945
         183    -6.63934    -6.65446 0.000548265
         184    -6.66291    -6.65451 0.000547202
         185    -6.65606    -6.65452 0.000544309
         186    -6.64489    -6.65447 0.000543838
         187    -6.66461    -6.65452 0.000543632
         188    -6.64482    -6.65447 0.000543181
         189    -6.65206    -6.65446 0.000540457
         190    -6.64983    -6.65443  0.00053816
         191    -6.64661    -6.65439 0.000536897
         192    -6.65502    -6.65439 0.000534111
         193      -6.662    -6.65443 0.000532795
         194    -6.63605    -6.65434  0.00053841
         195    -6.66898    -6.65441 0.000540858
         196    -6.63562    -6.65432 0.000546532
         197    -6.67591    -6.65443 0.000554641
         198    -6.65136    -6.65441 0.000552056
         199    -6.66375    -6.65446 0.000551274
         200    -6.64706    -6.65442 0.000549757
         201    -6.64543    -6.65438 0.000548839
         202    -6.65869     -6.6544 0.000546537
         203    -6.64737    -6.65436  0.00054494
         204    -6.66344    -6.65441 0.000544082
         205    -6.65314     -6.6544 0.000541463
         206    -6.65166    -6.65439 0.000538998
         207    -6.64341    -6.65434 0.000538997
         208    -6.65398    -6.65433 0.000536408
         209    -6.66308    -6.65438 0.000535471
         210    -6.64866    -6.65435 0.000533611
         211    -6.66152    -6.65438 0.000532162
         212    -6.65543    -6.65439 0.000529675
         213    -6.64689    -6.65435 0.000528357
         214    -6.64407     -6.6543 0.000528067
         215    -6.65918    -6.65433 0.000526097
         216    -6.64912     -6.6543 0.000524213
         217    -6.65671    -6.65431 0.000521915
         218    -6.65507    -6.65432 0.000519532
         219    -6.64857    -6.65429 0.000517823
         220    -6.66383    -6.65433 0.000517283
         221    -6.64644     -6.6543 0.000516175
         222    -6.65221    -6.65429 0.000513935
         223    -6.66551    -6.65434 0.000514087
         224    -6.64958    -6.65432 0.000512231
         225    -6.65417    -6.65432 0.000509955
         226    -6.66521    -6.65437  0.00050997
         227    -6.63864     -6.6543 0.000512407
         228    -6.66135    -6.65433 0.000511094
         229    -6.66034    -6.65435 0.000509535
         230     -6.6443    -6.65431  0.00050919
         231    -6.66521    -6.65436 0.000509169
         232    -6.64883    -6.65433 0.000507531
         233    -6.66501    -6.65438 0.000507419
         234    -6.66023     -6.6544 0.000505866
         235    -6.65269     -6.6544 0.000503766
         236    -6.65846    -6.65441 0.000501925
         237    -6.65369    -6.65441 0.000499816
         238    -6.65909    -6.65443 0.000498103
         239    -6.65253    -6.65442 0.000496083
         240    -6.65375    -6.65442 0.000494024
         241    -6.65842    -6.65444 0.000492253
         242    -6.65173    -6.65443 0.000490346
         243     -6.6534    -6.65442 0.000488346
         244    -6.65752    -6.65443  0.00048651
         245    -6.65399    -6.65443 0.000484527
         246     -6.6549    -6.65443 0.000482562
         247    -6.65752    -6.65445 0.000480769
         248     -6.6652    -6.65449 0.000480782
         249    -6.64061    -6.65443 0.000482074
         250    -6.65163    -6.65442 0.000480275
         251    -6.64138    -6.65437 0.000481163
         252    -6.65375    -6.65437  0.00047926
         253    -6.64962    -6.65435 0.000477733
         254    -6.65237    -6.65434 0.000475916
         255    -6.64953    -6.65432 0.000474424
         256    -6.65425    -6.65432 0.000472571
         257      -6.662    -6.65435 0.000471676
         258    -6.64008     -6.6543 0.000473079
         259    -6.65465     -6.6543 0.000471255
         260    -6.66391    -6.65434 0.000470889
         261    -6.65538    -6.65434 0.000469102
         262    -6.66188    -6.65437 0.000468193
         263    -6.65621    -6.65438 0.000466465
         264    -6.66089     -6.6544  0.00046535
         265    -6.64725    -6.65437 0.000464376
         266    -6.66344    -6.65441 0.000463879
         267    -6.66095    -6.65443 0.000462789
         268    -6.64476     -6.6544 0.000462466
         269    -6.65146    -6.65438 0.000460876
         270    -6.64876    -6.65436 0.000459639
         271    -6.65805    -6.65438 0.000458144
         272    -6.65996     -6.6544 0.000456919
         273    -6.65829    -6.65441 0.000455467
         274    -6.65443    -6.65441 0.000453805
         275    -6.65212     -6.6544 0.000452232
         276    -6.66383    -6.65444 0.000451881
         277    -6.65188    -6.65443 0.000450344
         278    -6.65623    -6.65444  0.00044877
         279    -6.66268    -6.65446 0.000448133
         280    -6.65083    -6.65445  0.00044672
         281    -6.66286    -6.65448  0.00044613
         282    -6.65803    -6.65449 0.000444726
         283    -6.64759    -6.65447 0.000443823
         284    -6.65199    -6.65446 0.000442345
         285    -6.64626    -6.65443 0.000441727
         286    -6.65664    -6.65444  0.00044025
         287    -6.66205    -6.65447 0.000439514
         288    -6.65394    -6.65446 0.000437991
         289     -6.6426    -6.65442 0.000438397
         290    -6.66874    -6.65447 0.000439658
         291     -6.6448    -6.65444 0.000439403
         292    -6.65183    -6.65443  0.00043799
         293    -6.66551    -6.65447 0.000438125
         294    -6.64656    -6.65444  0.00043746
         295    -6.65357    -6.65444 0.000435987
         296    -6.66087    -6.65446 0.000435055
         297     -6.6542    -6.65446 0.000433591
         298    -6.65274    -6.65445 0.000432175
         299    -6.65242    -6.65445 0.000430783
         300    -6.64591    -6.65442 0.000430287
         301    -6.66538    -6.65445 0.000430395
         302    -6.64716    -6.65443 0.000429648
         303    -6.65793    -6.65444 0.000428385
         304    -6.64934    -6.65443 0.000427305
         305     -6.6583    -6.65444 0.000426092
         306    -6.65807    -6.65445 0.000424865
         307    -6.65952    -6.65447 0.000423802
         308    -6.65242    -6.65446 0.000422478
         309    -6.66334    -6.65449 0.000422088
         310    -6.64537    -6.65446  0.00042175
         311    -6.65458    -6.65446 0.000420394
         312    -6.65279    -6.65445 0.000419081
         313    -6.65272    -6.65445 0.000417779
         314    -6.65827    -6.65446 0.000416626
         315    -6.65347    -6.65446 0.000415315
         316    -6.65472    -6.65446 0.000414001
         317     -6.6594    -6.65447 0.000412989
         318    -6.65234    -6.65447 0.000411745
         319    -6.65605    -6.65447 0.000410484
         320    -6.65735    -6.65448   0.0004093
         321    -6.65599    -6.65449 0.000408052
         322     -6.6632    -6.65451 0.000407681
         323    -6.65044     -6.6545 0.000406614
         324    -6.66486    -6.65453 0.000406613
         325     -6.6484    -6.65451   0.0004058
         326    -6.66196    -6.65454 0.000405197
         327    -6.65173    -6.65453 0.000404049
         328    -6.65232    -6.65452 0.000402873
         329    -6.65899    -6.65453 0.000401877
         330    -6.65607    -6.65454 0.000400687
         331    -6.65934    -6.65455 0.000399738
         332    -6.65377    -6.65455 0.000398541
         333    -6.65662    -6.65456 0.000397393
         334    -6.65887    -6.65457 0.000396413
         335    -6.65313    -6.65457 0.000395253
         336    -6.64963    -6.65455  0.00039435
         337     -6.6479    -6.65453 0.000393673
         338     -6.6651    -6.65456 0.000393749
         339    -6.64868    -6.65455 0.000392969
         340    -6.66121    -6.65457 0.000392301
         341    -6.64756    -6.65455 0.000391688
         342    -6.64685    -6.65452 0.000391188
         343    -6.66724    -6.65456 0.000391801
         344    -6.64473    -6.65453 0.000391703
         345    -6.66871    -6.65457 0.000392718
         346    -6.65139    -6.65456 0.000391691
         347    -6.66144    -6.65458 0.000391062
         348    -6.65107    -6.65457 0.000390069
         349    -6.64631    -6.65455  0.00038967
         350    -6.65898    -6.65456 0.000388762
         351    -6.65235    -6.65456 0.000387706
         352    -6.66161    -6.65458 0.000387122
         353    -6.65828    -6.65459 0.000386168
         354    -6.65652    -6.65459 0.000385116
         355     -6.6505    -6.65458 0.000384204
         356    -6.65277    -6.65457 0.000383158
         357    -6.66181    -6.65459 0.000382621
         358    -6.65295    -6.65459 0.000381579
         359    -6.65785     -6.6546 0.000380624
         360    -6.65918    -6.65461  0.00037978
         361    -6.64689    -6.65459 0.000379329
         362    -6.65464    -6.65459 0.000378281
         363    -6.65433    -6.65459  0.00037724
         364    -6.65863     -6.6546 0.000376366
         365    -6.65686    -6.65461 0.000375386
         366    -6.66147    -6.65463 0.000374829
         367    -6.65025    -6.65461 0.000373997
         368    -6.65063     -6.6546 0.000373138
         369    -6.65407     -6.6546 0.000372129
         370    -6.66623    -6.65463 0.000372447
         371    -6.64969    -6.65462 0.000371682
         372    -6.66387    -6.65464 0.000371513
         373    -6.64133    -6.65461 0.000372228
         374    -6.66764    -6.65464 0.000372861
         375    -6.65226    -6.65464  0.00037192
         376    -6.65081    -6.65463  0.00037107
         377    -6.65416    -6.65463 0.000370088
         378    -6.66204    -6.65465 0.000369628
         379    -6.66133    -6.65466 0.000369073
         380    -6.64342    -6.65463 0.000369286
         381    -6.65968    -6.65465 0.000368553
         382    -6.65575    -6.65465   0.0003676
         383    -6.66304    -6.65467 0.000367292
         384    -6.64724    -6.65465 0.000366845
         385     -6.6614    -6.65467 0.000366311
         386    -6.65538    -6.65467 0.000365366
         387    -6.64857    -6.65466 0.000364762
         388     -6.6677    -6.65469 0.000365369
         389    -6.64012    -6.65465 0.000366344
         390    -6.66388    -6.65468 0.000366168
         391    -6.65045    -6.65467 0.000365391
         392    -6.66807     -6.6547 0.000366056
         393     -6.6413    -6.65467 0.000366709
         394    -6.65849    -6.65468 0.000365907
         395    -6.66308     -6.6547 0.000365598
         396    -6.65949    -6.65471 0.000364876
         397    -6.65259     -6.6547 0.000363996
         398    -6.65221     -6.6547 0.000363135
         399    -6.65559     -6.6547 0.000362232
         400    -6.64936    -6.65469 0.000361572
         401    -6.65157    -6.65468 0.000360754
         402    -6.66284     -6.6547 0.000360428
         403    -6.65741    -6.65471 0.000359596
         404    -6.64855    -6.65469 0.000359029
         405    -6.65786     -6.6547 0.000358228
         406    -6.65895    -6.65471 0.000357498
         407    -6.65467    -6.65471  0.00035662
         408    -6.64339    -6.65468 0.000356822
         409    -6.64996    -6.65467 0.000356136
         410    -6.65542    -6.65467 0.000355272
         411    -6.64999    -6.65466 0.000354591
         412    -6.65813    -6.65467  0.00035383
         413    -6.65733    -6.65467 0.000353032
         414    -6.63715    -6.65463 0.000354709
         415    -6.65924    -6.65464 0.000354028
         416    -6.65097    -6.65463 0.000353287
         417    -6.64871    -6.65462 0.000352725
         418    -6.65682    -6.65463 0.000351921
         419    -6.64746    -6.65461 0.000351495
         420    -6.66598    -6.65464 0.000351701
         421    -6.64815    -6.65462 0.000351203
         422    -6.65061    -6.65461 0.000350499
         423     -6.6563    -6.65461 0.000349693
         424    -6.64402    -6.65459 0.000349761
         425    -6.66279    -6.65461  0.00034947
         426    -6.65154     -6.6546 0.000348724
         427    -6.65653    -6.65461 0.000347936
         428    -6.66281    -6.65462 0.000347651
         429    -6.65766    -6.65463 0.000346913
         430    -6.65486    -6.65463 0.000346106
         431    -6.65001    -6.65462  0.00034547
         432    -6.65587    -6.65462 0.000344682
         433    -6.66315    -6.65464 0.000344447
         434    -6.64512    -6.65462 0.000344352
         435    -6.65701    -6.65463 0.000343604
         436     -6.6576    -6.65463 0.000342884
         437    -6.64967    -6.65462 0.000342287
         438    -6.65716    -6.65463 0.000341555
         439    -6.65132    -6.65462  0.00034086
         440    -6.65314    -6.65462 0.000340102
         441    -6.64565     -6.6546 0.000339938
         442    -6.65365     -6.6546 0.000339176
         443    -6.66034    -6.65461 0.000338658
         444    -6.64789    -6.65459 0.000338233
         445    -6.66064    -6.65461 0.000337746
         446    -6.64891    -6.65459  0.00033723
         447    -6.65694     -6.6546 0.000336516
         448    -6.64506    -6.65458 0.000336438
         449    -6.66542     -6.6546 0.000336554
         450    -6.65204     -6.6546 0.000335854
         451    -6.65678     -6.6546 0.000335144
         452    -6.64558    -6.65458 0.000334996
         453    -6.67054    -6.65462 0.000336104
         454    -6.64708     -6.6546 0.000335773
         455    -6.64885    -6.65459 0.000335273
         456    -6.65316    -6.65458 0.000334553
         457    -6.65905    -6.65459 0.000333963
         458    -6.65265    -6.65459 0.000333261
         459     -6.6593     -6.6546 0.000332693
         460    -6.64913    -6.65459 0.000332182
         461     -6.6551    -6.65459 0.000331463
         462    -6.65573    -6.65459 0.000330755
         463    -6.67769    -6.65464  0.00033378
         464    -6.64499    -6.65462 0.000333708
         465    -6.66034    -6.65463 0.000333217
         466    -6.64811    -6.65462 0.000332796
         467    -6.66604    -6.65464 0.000332981
         468    -6.65141    -6.65464 0.000332341
         469    -6.66369    -6.65466 0.000332192
         470    -6.64878    -6.65464  0.00033172
         471    -6.65645    -6.65465 0.000331038
         472    -6.65045    -6.65464 0.000330456
         473    -6.65636    -6.65464 0.000329778
         474    -6.65077    -6.65463 0.000329183
         475    -6.65416    -6.65463 0.000328492
         476    -6.66875    -6.65466 0.000329139
         477    -6.63654    -6.65462 0.000330635
         478    -6.65223    -6.65462 0.000329981
         479    -6.66819    -6.65465 0.000330507
         480    -6.65421    -6.65465  0.00032982
         481    -6.65258    -6.65464 0.000329162
         482    -6.66611    -6.65467 0.000329337
         483    -6.63776    -6.65463  0.00033051
         484    -6.64493    -6.65461 0.000330433
         485    -6.66991    -6.65464 0.000331254
         486    -6.66349    -6.65466 0.000331072
         487    -6.64957    -6.65465 0.000330557
         488    -6.65742    -6.65466 0.000329928
         489    -6.65393    -6.65466 0.000329257
         490    -6.65673    -6.65466 0.000328612
         491    -6.65528    -6.65466 0.000327945
         492    -6.64528    -6.65464 0.000327832
         493    -6.64384    -6.65462 0.000327898
         494    -6.65394    -6.65462 0.000327238
         495    -6.65336    -6.65462 0.000326586
         496    -6.64795     -6.6546 0.000326204
         497    -6.65528     -6.6546 0.000325551
         498    -6.66254    -6.65462 0.000325287
         499     -6.6576    -6.65463  0.00032469
         500    -6.65268    -6.65462 0.000324064
