#     BLOCK:   ACTUAL_P:     P_AVE:       ERROR:
           1     9.60747     9.60747           0
           2     9.69505     9.65126   0.0309641
           3     9.68962     9.66405   0.0231334
           4     9.66636     9.66462   0.0173573
           5     9.61208     9.65411   0.0167684
           6     9.72765     9.66637   0.0179005
           7     9.63005     9.66118   0.0160778
           8     9.64799     9.65953   0.0141524
           9     9.68943     9.66285    0.012964
          10     9.54674     9.65124   0.0160457
          11     9.73268     9.65865   0.0162052
          12     9.58317     9.65236   0.0160289
          13     9.67752     9.65429   0.0149124
          14      9.6791     9.65606   0.0139521
          15     9.59843     9.65222   0.0135407
          16     9.64212     9.65159   0.0127091
          17       9.692     9.65397   0.0121817
          18       9.664     9.65453   0.0115177
          19     9.64946     9.65426   0.0109146
          20      9.6719     9.65514   0.0104044
          21     9.61453     9.65321   0.0100871
          22     9.74435     9.65735   0.0104447
          23     9.53464     9.65201   0.0112711
          24       9.666      9.6526   0.0108165
          25     9.66939     9.65327   0.0104047
          26     9.55291     9.64941   0.0106966
          27     9.69535     9.65111   0.0104348
          28     9.68338     9.65226   0.0101256
          29     9.58956      9.6501   0.0100046
          30     9.69989     9.65176  0.00980785
          31     9.66108     9.65206  0.00949608
          32     9.65783     9.65224  0.00920104
          33      9.6464     9.65206  0.00892393
          34     9.66852     9.65255  0.00867457
          35     9.65496     9.65262    0.008427
          36     9.67002      9.6531  0.00820677
          37     9.65525     9.65316  0.00798517
          38     9.69347     9.65422  0.00784519
          39     9.63034     9.65361   0.0076679
          40     9.63321      9.6531  0.00749314
          41     9.66826     9.65347   0.0073195
          42     9.63713     9.65308  0.00715555
          43     9.63615     9.65268  0.00699996
          44     9.70413     9.65385  0.00693782
          45     9.64701      9.6537  0.00678531
          46     9.64423      9.6535  0.00664093
          47      9.6545     9.65352  0.00649967
          48     9.64807      9.6534  0.00636525
          49     9.68822     9.65411  0.00627487
          50     9.63051     9.65364   0.0061671
          51     9.64731     9.65352  0.00604742
          52      9.6992      9.6544  0.00599461
          53     9.50688     9.65161  0.00649556
          54     9.69783     9.65247  0.00643142
          55     9.57191       9.651  0.00647911
          56     9.62275      9.6505  0.00638303
          57     9.66806     9.65081  0.00627848
          58     9.61948     9.65027  0.00619343
          59     9.65271     9.65031  0.00608859
          60     9.65918     9.65046  0.00598891
          61     9.65806     9.65058  0.00589203
          62     9.66152     9.65076  0.00579964
          63     9.62062     9.65028  0.00572728
          64     9.65873     9.65041  0.00563931
          65     9.63824     9.65022  0.00555566
          66     9.69356     9.65088  0.00551016
          67     9.59112     9.64999  0.00549963
          68     9.67119      9.6503  0.00542758
          69     9.61956     9.64986  0.00536718
          70     9.60064     9.64915  0.00533636
          71     9.68121      9.6496  0.00528026
          72     9.62953     9.64932  0.00521428
          73     9.60502     9.64872  0.00517805
          74     9.72842      9.6498  0.00521888
          75     9.60194     9.64916  0.00518815
          76     9.69756     9.64979  0.00515882
          77     9.55672     9.64859  0.00523153
          78      9.7239     9.64955   0.0052528
          79     9.61706     9.64914  0.00520239
          80     9.68964     9.64965  0.00516194
          81     9.64547     9.64959  0.00509847
          82     9.64092     9.64949  0.00503739
          83     9.66726      9.6497  0.00498124
          84      9.6506     9.64971  0.00492195
          85     9.65402     9.64976  0.00486431
          86      9.6736     9.65004  0.00481563
          87     9.65966     9.65015  0.00476155
          88     9.68413     9.65054  0.00472308
          89     9.67239     9.65078  0.00467639
          90     9.61637      9.6504  0.00464003
          91     9.69123     9.65085  0.00461069
          92     9.66519     9.65101   0.0045632
          93     9.67132     9.65122  0.00451936
          94      9.7021     9.65177  0.00450358
          95     9.65863     9.65184  0.00445676
          96     9.61754     9.65148  0.00442463
          97       9.691     9.65189  0.00439773
          98     9.69736     9.65235  0.00437727
          99     9.67514     9.65258  0.00433911
         100     9.62233     9.65228  0.00430625
         101     9.66107     9.65237   0.0042645
         102     9.66415     9.65248  0.00422425
         103     9.61989     9.65217  0.00419507
         104     9.70315     9.65266  0.00418328
         105     9.69371     9.65305  0.00416168
         106     9.61737     9.65271    0.004136
         107     9.60327     9.65225  0.00412308
         108     9.63552     9.65209  0.00408781
         109     9.64628     9.65204  0.00405066
         110     9.65029     9.65202  0.00401387
         111     9.68416     9.65231  0.00398813
         112     9.61723       9.652   0.0039648
         113     9.66376      9.6521  0.00393108
         114     9.63985       9.652  0.00389807
         115     9.65828     9.65205  0.00386455
         116     9.67339     9.65224  0.00383561
         117     9.62181     9.65198  0.00381164
         118     9.65777     9.65202  0.00377965
         119     9.66838     9.65216  0.00375039
         120     9.67156     9.65232  0.00372262
         121     9.62325     9.65208   0.0036996
         122     9.59704     9.65163  0.00369668
         123     9.67404     9.65181  0.00367111
         124     9.63901     9.65171  0.00364296
         125     9.62119     9.65147  0.00362199
         126     9.67105     9.65162  0.00359658
         127     9.67647     9.65182  0.00357358
         128     9.63917     9.65172  0.00354702
         129     9.66141     9.65179  0.00352032
         130     9.64929     9.65178  0.00349329
         131     9.67163     9.65193  0.00346992
         132       9.682     9.65215   0.0034511
         133     9.67192      9.6523  0.00342835
         134     9.62817     9.65212  0.00340749
         135     9.67177     9.65227  0.00338536
         136     9.71771     9.65275  0.00339449
         137     9.66196     9.65282  0.00337038
         138     9.59348     9.65239  0.00337328
         139     9.63664     9.65227  0.00335091
         140      9.6788     9.65246  0.00333233
         141     9.64922     9.65244  0.00330877
         142     9.64318     9.65237  0.00328611
         143     9.57731     9.65185  0.00330479
         144     9.69003     9.65212  0.00329246
         145     9.64029     9.65203  0.00327076
         146     9.62589     9.65185  0.00325326
         147     9.64923     9.65184  0.00323117
         148     9.61764     9.65161  0.00321759
         149     9.69904     9.65192  0.00321171
         150     9.58984     9.65151  0.00321685
         151     9.67419     9.65166  0.00319906
         152     9.65673     9.65169  0.00317818
         153     9.63514     9.65159  0.00315925
         154     9.64499     9.65154  0.00313903
         155      9.6378     9.65145  0.00312003
         156     9.61425     9.65122  0.00310913
         157     9.68544     9.65143  0.00309696
         158     9.73613     9.65197  0.00312341
         159     9.58616     9.65156  0.00313107
         160     9.67401      9.6517  0.00311464
         161     9.67323     9.65183  0.00309817
         162     9.66686     9.65192  0.00308043
         163     9.62246     9.65174  0.00306683
         164     9.63559     9.65164  0.00304971
         165      9.6719     9.65177   0.0030337
         166     9.66452     9.65184   0.0030164
         167     9.57797      9.6514   0.0030306
         168     9.68727     9.65161  0.00302007
         169     9.63555     9.65152   0.0030037
         170     9.67325     9.65165  0.00298875
         171      9.6262      9.6515  0.00297497
         172     9.62794     9.65136  0.00296083
         173     9.59956     9.65106  0.00295881
         174     9.62585     9.65092  0.00294536
         175     9.65635     9.65095  0.00292869
         176      9.5732     9.65051  0.00294518
         177     9.64143     9.65045  0.00292899
         178     9.63824     9.65039  0.00291333
         179     9.58443     9.65002  0.00292027
         180     9.66359     9.65009  0.00290502
         181     9.61951     9.64992  0.00289387
         182     9.67039     9.65004  0.00288016
         183     9.70093     9.65031  0.00287782
         184     9.60889     9.65009  0.00287097
         185     9.64714     9.65007   0.0028555
         186     9.69042     9.65029  0.00284837
         187     9.59202     9.64998  0.00285013
         188      9.6821     9.65015  0.00284009
         189     9.65103     9.65015  0.00282507
         190     9.65791      9.6502   0.0028105
         191     9.68676     9.65039  0.00280229
         192     9.65821     9.65043    0.002788
         193     9.59921     9.65016  0.00278615
         194     9.75787     9.65072  0.00282657
         195     9.58435     9.65038  0.00283249
         196     9.75615     9.65092  0.00286899
         197     9.54809     9.65039  0.00290152
         198     9.67086      9.6505   0.0028887
         199     9.60758     9.65028  0.00288223
         200     9.67219     9.65039   0.0028699
         201     9.69215      9.6506  0.00286313
         202     9.64181     9.65056  0.00284928
         203     9.69073     9.65075  0.00284211
         204      9.6241     9.65062  0.00283118
         205     9.64714     9.65061  0.00281742
         206     9.63216     9.65052  0.00280517
         207     9.68737     9.65069  0.00279726
         208      9.6363     9.65063  0.00278467
         209     9.57565     9.65027  0.00279436
         210     9.66711     9.65035   0.0027822
         211     9.61496     9.65018  0.00277406
         212     9.65951     9.65022  0.00276133
         213      9.6912     9.65042  0.00275506
         214     9.67772     9.65054  0.00274514
         215     9.60179     9.65032  0.00274172
         216     9.65916     9.65036  0.00272933
         217      9.6585      9.6504  0.00271701
         218      9.6595     9.65044  0.00270487
         219     9.68115     9.65058  0.00269615
         220     9.63738     9.65052  0.00268456
         221     9.69183      9.6507  0.00267892
         222     9.67303      9.6508  0.00266873
         223     9.62514     9.65069  0.00265925
         224     9.67405     9.65079  0.00264942
         225     9.65931     9.65083  0.00263791
         226     9.62317     9.65071  0.00262908
         227     9.75038     9.65115  0.00265391
         228     9.64773     9.65113  0.00264231
         229      9.6438      9.6511  0.00263096
         230     9.69074     9.65127  0.00262517
         231     9.59916     9.65105  0.00262348
         232     9.67012     9.65113  0.00261346
         233     9.59635      9.6509  0.00261279
         234     9.61474     9.65074  0.00260619
         235     9.66033     9.65078  0.00259542
         236     9.62804     9.65069  0.00258621
         237     9.63107      9.6506  0.00257662
         238     9.62872     9.65051  0.00256744
         239      9.6683     9.65058  0.00255777
         240     9.66798     9.65066  0.00254814
         241      9.6164     9.65052  0.00254153
         242     9.64249     9.65048  0.00253125
         243     9.61917     9.65035  0.00252411
         244     9.64462     9.65033  0.00251387
         245     9.65054     9.65033  0.00250361
         246     9.64899     9.65033  0.00249344
         247     9.64422      9.6503  0.00248347
         248     9.59796     9.65009  0.00248241
         249     9.70156      9.6503  0.00248103
         250      9.6441     9.65027  0.00247123
         251     9.70876      9.6505  0.00247234
         252     9.64848      9.6505  0.00246255
         253     9.66813     9.65057   0.0024538
         254      9.6498     9.65056  0.00244414
         255     9.67416     9.65066  0.00243631
         256     9.66673     9.65072   0.0024276
         257     9.60007     9.65052  0.00242614
         258     9.72125      9.6508  0.00243217
         259     9.65101      9.6508  0.00242278
         260     9.59919      9.6506  0.00242158
         261     9.64188     9.65056  0.00241253
         262     9.60948     9.65041  0.00240842
         263     9.63102     9.65033  0.00240039
         264     9.63219     9.65027  0.00239228
         265     9.69677     9.65044  0.00238968
         266     9.62808     9.65036  0.00238217
         267     9.63734     9.65031  0.00237375
         268      9.6853     9.65044  0.00236848
         269     9.65586     9.65046  0.00235976
         270     9.66472     9.65051  0.00235161
         271     9.63344     9.65045  0.00234378
         272     9.62557     9.65036  0.00233695
         273     9.62287     9.65026  0.00233055
         274     9.64848     9.65025  0.00232206
         275     9.67225     9.65033  0.00231499
         276      9.6148      9.6502  0.00231018
         277     9.66666     9.65026   0.0023026
         278     9.65575     9.65028  0.00229441
         279     9.62642     9.65019  0.00228778
         280     9.67911      9.6503  0.00228194
         281     9.62738     9.65022  0.00227527
         282     9.64877     9.65021  0.00226721
         283      9.7129     9.65043  0.00226999
         284     9.65136     9.65044    0.002262
         285     9.68383     9.65055   0.0022571
         286      9.6534     9.65056  0.00224923
         287     9.60972     9.65042  0.00224589
         288     9.64879     9.65042   0.0022381
         289     9.68394     9.65053  0.00223336
         290     9.58174     9.65029  0.00223822
         291     9.67806     9.65039  0.00223256
         292     9.69313     9.65054  0.00222971
         293     9.57461     9.65028  0.00223711
         294     9.69702     9.65044  0.00223514
         295     9.65032     9.65044  0.00222756
         296     9.63242     9.65037  0.00222087
         297      9.6524     9.65038   0.0022134
         298     9.68075     9.65048  0.00220832
         299     9.66057     9.65052  0.00220119
         300     9.67416      9.6506  0.00219527
         301     9.60829     9.65046  0.00219247
         302     9.69498      9.6506  0.00219016
         303     9.65984     9.65063  0.00218314
         304      9.6574     9.65066  0.00217608
         305     9.63016     9.65059  0.00216998
         306     9.64541     9.65057  0.00216295
         307     9.63516     9.65052  0.00215649
         308     9.68674     9.65064  0.00215269
         309     9.61554     9.65052  0.00214872
         310     9.70575      9.6507  0.00214916
         311      9.6771     9.65079  0.00214393
         312     9.67006     9.65085  0.00213794
         313     9.67242     9.65092  0.00213222
         314     9.63413     9.65087   0.0021261
         315     9.66739     9.65092     0.00212
         316     9.67608       9.651  0.00211479
         317     9.64865     9.65099  0.00210813
         318     9.68238     9.65109  0.00210381
         319     9.64286     9.65106  0.00209737
         320     9.62854     9.65099    0.002092
         321     9.66503     9.65104  0.00208594
         322     9.61779     9.65093  0.00208202
         323     9.67918     9.65102  0.00207741
         324     9.61644     9.65091  0.00207373
         325     9.70261     9.65107  0.00207345
         326     9.61224     9.65095   0.0020705
         327     9.66653       9.651  0.00206472
         328     9.66245     9.65104  0.00205872
         329     9.61908     9.65094  0.00205475
         330     9.64811     9.65093  0.00204854
         331     9.63165     9.65087  0.00204318
         332     9.63511     9.65082  0.00203758
         333     9.61819     9.65073  0.00203382
         334     9.62781     9.65066  0.00202889
         335     9.68233     9.65075  0.00202503
         336     9.69399     9.65088  0.00202309
         337     9.68424     9.65098  0.00201951
         338     9.62884     9.65091  0.00201459
         339     9.67588     9.65099  0.00200999
         340     9.60144     9.65084  0.00200936
         341     9.69727     9.65098  0.00200807
         342     9.69403      9.6511  0.00200614
         343     9.59446     9.65094  0.00200708
         344     9.70156     9.65109  0.00200663
         345      9.6104     9.65097  0.00200428
         346     9.69589      9.6511  0.00200269
         347     9.61068     9.65098   0.0020003
         348     9.67012     9.65104  0.00199531
         349     9.68639     9.65114  0.00199216
         350     9.62498     9.65106  0.00198787
         351     9.65816     9.65108  0.00198231
         352     9.62576     9.65101  0.00197798
         353      9.6242     9.65094  0.00197384
         354     9.62326     9.65086  0.00196981
         355     9.68129     9.65094  0.00196613
         356     9.66468     9.65098  0.00196098
         357     9.61957     9.65089  0.00195746
         358     9.67221     9.65095   0.0019529
         359     9.65023     9.65095  0.00194746
         360     9.62184     9.65087  0.00194373
         361     9.71613     9.65105  0.00194673
         362     9.66904      9.6511  0.00194199
         363     9.67212     9.65116   0.0019375
         364     9.62569     9.65109  0.00193344
         365     9.67764     9.65116  0.00192951
         366     9.61651     9.65107  0.00192656
         367     9.65615     9.65108  0.00192136
         368     9.66598     9.65112  0.00191657
         369     9.64646     9.65111  0.00191142
         370     9.60508     9.65098  0.00191029
         371     9.68499     9.65108  0.00190734
         372     9.62781     9.65101  0.00190324
         373     9.73644     9.65124  0.00191187
         374     9.58152     9.65106  0.00191582
         375     9.65395     9.65106  0.00191073
         376     9.68383     9.65115  0.00190764
         377     9.65351     9.65116  0.00190259
         378     9.61884     9.65107  0.00189947
         379     9.60429     9.65095  0.00189847
         380     9.68832     9.65105  0.00189602
         381     9.62844     9.65099  0.00189197
         382     9.63256     9.65094  0.00188763
         383     9.60368     9.65082  0.00188673
         384     9.66931     9.65086  0.00188243
         385     9.61119     9.65076  0.00188036
         386      9.6403     9.65073  0.00187569
         387      9.6638     9.65077  0.00187114
         388     9.58427      9.6506  0.00187415
         389      9.7078     9.65074  0.00187509
         390     9.62279     9.65067  0.00187166
         391     9.66408     9.65071  0.00186718
         392     9.57263     9.65051  0.00187301
         393     9.72227     9.65069  0.00187713
         394      9.6198     9.65061    0.001874
         395     9.60625      9.6505  0.00187262
         396     9.62975     9.65045  0.00186862
         397     9.64855     9.65044  0.00186392
         398     9.64356     9.65042  0.00185932
         399     9.63944      9.6504  0.00185486
         400     9.71533     9.65056  0.00185731
         401     9.70788      9.6507  0.00185817
         402      9.6063     9.65059  0.00185683
         403     9.64817     9.65059  0.00185223
         404     9.67968     9.65066  0.00184905
         405     9.65584     9.65067  0.00184453
         406     9.62548     9.65061  0.00184103
         407     9.67504     9.65067  0.00183748
         408     9.73637     9.65088  0.00184495
         409     9.68148     9.65095  0.00184195
         410     9.62961      9.6509  0.00183819
         411     9.67243     9.65095  0.00183447
         412     9.62044     9.65088  0.00183151
         413     9.63998     9.65085  0.00182727
         414     9.75801     9.65111  0.00184109
         415     9.61283     9.65102  0.00183897
         416     9.67693     9.65108   0.0018356
         417     9.67604     9.65114  0.00183217
         418     9.63493      9.6511   0.0018282
         419     9.67283     9.65115  0.00182457
         420     9.59324     9.65102  0.00182543
         421     9.67274     9.65107  0.00182182
         422     9.66171     9.65109  0.00181768
         423      9.6328     9.65105   0.0018139
         424     9.68851     9.65114  0.00181177
         425     9.62011     9.65107  0.00180898
         426     9.69206     9.65116  0.00180729
         427     9.65818     9.65118  0.00180313
         428     9.62291     9.65111  0.00180013
         429     9.63833     9.65108  0.00179618
         430     9.63781     9.65105  0.00179227
         431     9.65808     9.65107  0.00178818
         432     9.64014     9.65104  0.00178422
         433     9.62628     9.65099  0.00178102
         434     9.68986     9.65108  0.00177917
         435     9.62955     9.65103  0.00177576
         436     9.63823       9.651  0.00177193
         437     9.66885     9.65104  0.00176835
         438     9.65748     9.65105  0.00176437
         439     9.67363      9.6511   0.0017611
         440     9.66693     9.65114  0.00175747
         441     9.69229     9.65123  0.00175596
         442     9.65805     9.65125  0.00175205
         443     9.64728     9.65124  0.00174812
         444     9.69968     9.65135  0.00174759
         445     9.63824     9.65132  0.00174391
         446     9.66584     9.65135   0.0017403
         447     9.65601     9.65136  0.00173644
         448     9.69022     9.65145  0.00173473
         449     9.63238     9.65141  0.00173138
         450     9.65934     9.65142  0.00172763
         451     9.63236     9.65138  0.00172431
         452     9.67646     9.65144  0.00172139
         453     9.57574     9.65127  0.00172568
         454     9.68202     9.65134  0.00172321
         455     9.66509     9.65137  0.00171969
         456      9.6388     9.65134  0.00171614
         457     9.61907     9.65127  0.00171383
         458     9.64285     9.65125  0.00171019
         459     9.64781     9.65124  0.00170648
         460      9.6866     9.65132   0.0017045
         461     9.65425     9.65133  0.00170082
         462     9.66497     9.65136  0.00169739
         463     9.55157     9.65114  0.00170735
         464      9.6893     9.65122  0.00170565
         465     9.60363     9.65112  0.00170505
         466     9.66787     9.65116  0.00170177
         467      9.6029     9.65105  0.00170126
         468      9.6689     9.65109  0.00169805
         469     9.60635       9.651  0.00169711
         470     9.66617     9.65103  0.00169381
         471     9.63532       9.651  0.00169054
         472     9.65835     9.65101  0.00168703
         473     9.61442     9.65093  0.00168524
         474     9.65771     9.65095  0.00168174
         475     9.63949     9.65092  0.00167837
         476     9.57699     9.65077  0.00168202
         477     9.71464      9.6509  0.00168381
         478     9.66756     9.65094  0.00168065
         479     9.59687     9.65082  0.00168093
         480     9.66328     9.65085  0.00167763
         481     9.69783     9.65095  0.00167698
         482     9.62358     9.65089  0.00167446
         483     9.72381     9.65104  0.00167779
         484     9.67273     9.65109  0.00167492
         485     9.57371     9.65093  0.00167905
         486     9.61005     9.65084   0.0016777
         487     9.69635     9.65094  0.00167685
         488     9.65773     9.65095  0.00167347
         489      9.6594     9.65097  0.00167014
         490     9.67782     9.65102  0.00166763
         491     9.64394     9.65101   0.0016643
         492     9.69412      9.6511  0.00166322
         493     9.69238     9.65118  0.00166195
         494      9.6331     9.65114  0.00165899
         495     9.62847      9.6511  0.00165627
         496     9.66243     9.65112  0.00165309
         497     9.63668     9.65109  0.00165002
         498     9.62797     9.65104  0.00164736
         499     9.63223     9.65101  0.00164449
         500     9.65367     9.65101  0.00164121
