#     BLOCK:   ACTUAL_T:     T_AVE:       ERROR:
           1    0.811611    0.811611           0
           2    0.798516    0.805064   0.0046297
           3    0.798079    0.802736  0.00362492
           4    0.803599    0.802951  0.00272511
           5    0.808284    0.804018  0.00237968
           6     0.79476    0.802475  0.00243238
           7    0.810908     0.80368  0.00236448
           8     0.80485    0.803826  0.00207345
           9     0.79918     0.80331  0.00190624
          10    0.815388    0.804518  0.00206309
          11    0.793654     0.80353  0.00209864
          12    0.813185    0.804335  0.00207223
          13    0.801451    0.804113  0.00192467
          14    0.800135    0.803829  0.00180804
          15    0.810375    0.804265  0.00173939
          16    0.805759    0.804359  0.00163318
          17    0.801587    0.804196  0.00154523
          18    0.803634    0.804164  0.00145969
          19    0.807863    0.804359  0.00139579
          20    0.803603    0.804321  0.00132651
          21    0.812659    0.804718  0.00132142
          22    0.792696    0.804172  0.00136969
          23    0.819674    0.804846  0.00146662
          24    0.800261    0.804655   0.0014179
          25    0.801038     0.80451  0.00136855
          26    0.815579    0.804936  0.00138054
          27     0.79851    0.804698  0.00134977
          28    0.798803    0.804487  0.00131788
          29    0.813266     0.80479  0.00130674
          30    0.799485    0.804613  0.00127509
          31    0.803796    0.804587  0.00123423
          32    0.807217    0.804669  0.00119839
          33    0.803069    0.804621  0.00116306
          34    0.802107    0.804547   0.0011312
          35    0.804805    0.804554   0.0010989
          36    0.802194    0.804488  0.00107033
          37     0.80479    0.804497  0.00104144
          38    0.801889    0.804428  0.00101629
          39    0.807191    0.804499 0.000992694
          40    0.806552     0.80455 0.000969203
          41    0.802587    0.804502 0.000946746
          42    0.806808    0.804557 0.000925795
          43    0.807482    0.804625  0.00090676
          44    0.800934    0.804541 0.000890025
          45     0.80467    0.804544 0.000870251
          46    0.805404    0.804563 0.000851533
          47    0.803599    0.804542 0.000833663
          48    0.804449     0.80454 0.000816297
          49    0.801778    0.804484 0.000801582
          50     0.80622    0.804519 0.000786302
          51    0.803603    0.804501 0.000771089
          52    0.797511    0.804366 0.000767886
          53    0.817359    0.804612 0.000791559
          54    0.795535    0.804443 0.000794546
          55    0.811065    0.804564 0.000789167
          56    0.806653    0.804601 0.000775956
          57    0.800617    0.804531 0.000765484
          58    0.808456    0.804599  0.00075527
          59    0.806764    0.804636  0.00074336
          60    0.803816    0.804622 0.000731096
          61    0.801179    0.804566 0.000721287
          62    0.805031    0.804573 0.000709692
          63    0.808859    0.804641  0.00070168
          64    0.803239    0.804619 0.000691058
          65     0.80388    0.804608  0.00068052
          66    0.799584    0.804532 0.000674452
          67     0.81085    0.804626 0.000670945
          68    0.799137    0.804545 0.000665916
          69    0.806604    0.804575 0.000656933
          70     0.80819    0.804627 0.000649575
          71    0.798176    0.804536  0.00064675
          72    0.803652    0.804524 0.000637883
          73    0.810581    0.804607 0.000634519
          74    0.795718    0.804486 0.000637212
          75    0.810784     0.80457 0.000634225
          76    0.794799    0.804442 0.000638778
          77    0.813745    0.804563 0.000641806
          78    0.795561    0.804447 0.000643869
          79     0.80966    0.804513 0.000639091
          80    0.798631     0.80444 0.000635317
          81    0.802494    0.804416 0.000627928
          82    0.807038    0.804448 0.000621084
          83     0.80541    0.804459  0.00061371
          84    0.804641    0.804461 0.000606407
          85     0.80707    0.804492 0.000600049
          86    0.804404    0.804491 0.000593073
          87    0.803605    0.804481 0.000586343
          88    0.799258    0.804422 0.000582677
          89    0.803822    0.804415 0.000576169
          90    0.808569    0.804461 0.000571613
          91     0.80132    0.804426 0.000566373
          92    0.807426    0.804459 0.000561154
          93    0.806973    0.804486 0.000555771
          94    0.802991     0.80447 0.000550086
          95    0.804953    0.804475  0.00054432
          96    0.811037    0.804544 0.000542924
          97    0.802087    0.804518 0.000537917
          98     0.80074     0.80448 0.000533808
          99    0.801226    0.804447 0.000529427
         100    0.809387    0.804496 0.000526432
         101    0.802098    0.804473 0.000521755
         102    0.801491    0.804443 0.000517458
         103    0.809278     0.80449 0.000514558
         104    0.800041    0.804447 0.000511386
         105    0.800906    0.804414 0.000507627
         106    0.809169    0.804459 0.000504816
         107    0.809478    0.804506 0.000502273
         108    0.804557    0.804506 0.000497623
         109    0.807663    0.804535   0.0004939
         110    0.807724    0.804564  0.00049026
         111    0.799343    0.804517 0.000488094
         112    0.806945    0.804539 0.000484217
         113    0.801684    0.804513  0.00048059
         114    0.804233    0.804511 0.000476381
         115    0.804221    0.804508 0.000472245
         116    0.800381    0.804473 0.000469513
         117    0.808407    0.804506 0.000466702
         118    0.804707    0.804508  0.00046275
         119    0.802616    0.804492 0.000459134
         120    0.799472     0.80445  0.00045721
         121    0.808675    0.804485 0.000454763
         122    0.808967    0.804522 0.000452517
         123     0.80111    0.804494 0.000449687
         124    0.807733     0.80452 0.000446818
         125    0.807992    0.804548 0.000444106
         126    0.804465    0.804547 0.000440582
         127    0.802892    0.804534 0.000437305
         128    0.806524     0.80455 0.000434165
         129    0.802087    0.804531 0.000431219
         130    0.804783    0.804533 0.000427906
         131    0.802306    0.804516 0.000424977
         132    0.801836    0.804496 0.000422243
         133    0.804459    0.804495 0.000419068
         134    0.806635    0.804511 0.000416245
         135    0.800566    0.804482 0.000414186
         136    0.793883    0.804404 0.000418408
         137    0.802427     0.80439 0.000415603
         138    0.811251    0.804439 0.000415554
         139    0.805276    0.804445 0.000412608
         140    0.800016    0.804414 0.000410873
         141    0.807967    0.804439 0.000408731
         142    0.804804    0.804442  0.00040586
         143     0.81264    0.804499 0.000407051
         144    0.799907    0.804467 0.000405472
         145     0.80652    0.804481 0.000402923
         146    0.808619    0.804509 0.000401159
         147    0.808511    0.804537 0.000399352
         148    0.809622    0.804571 0.000398129
         149    0.798994    0.804534 0.000397213
         150    0.812911    0.804589 0.000398471
         151     0.79832    0.804548 0.000397989
         152    0.804433    0.804547 0.000395372
         153    0.806193    0.804558 0.000392934
         154    0.803618    0.804552  0.00039043
         155      0.8052    0.804556 0.000387933
         156    0.810211    0.804592 0.000387137
         157    0.800732    0.804568 0.000385451
         158    0.796496    0.804517 0.000386382
         159    0.813926    0.804576 0.000388457
         160    0.802749    0.804564 0.000386197
         161    0.803022    0.804555 0.000383917
         162    0.801812    0.804538  0.00038192
         163    0.809623    0.804569 0.000380849
         164    0.804845    0.804571 0.000378531
         165    0.803374    0.804563 0.000376306
         166    0.800471    0.804539 0.000374846
         167    0.812869    0.804589 0.000375906
         168    0.798966    0.804555 0.000375155
         169    0.803944    0.804552 0.000372953
         170    0.798597    0.804517   0.0003724
         171    0.803251    0.804509 0.000370296
         172    0.806017    0.804518 0.000368247
         173    0.809979     0.80455 0.000367469
         174    0.806773    0.804562 0.000365579
         175    0.802078    0.804548 0.000363765
         176    0.811003    0.804585 0.000363543
         177    0.802726    0.804574  0.00036164
         178    0.803796     0.80457 0.000359635
         179    0.810307    0.804602 0.000359051
         180    0.800547    0.804579 0.000357762
         181     0.80757    0.804596 0.000356167
         182    0.802324    0.804583 0.000354429
         183    0.795048    0.804531 0.000356302
         184    0.810414    0.804563 0.000355797
         185    0.805383    0.804568 0.000353901
         186    0.798319    0.804534 0.000353589
         187    0.812275    0.804576 0.000354113
         188    0.798769    0.804545 0.000353574
         189    0.803256    0.804538 0.000351769
         190    0.802112    0.804525 0.000350149
         191    0.799244    0.804497 0.000349406
         192    0.805487    0.804503 0.000347624
         193    0.809032    0.804526 0.000346614
         194    0.792975    0.804467 0.000349904
         195    0.814062    0.804516 0.000351553
         196     0.79217    0.804453 0.000355357
         197    0.818096    0.804522 0.000360238
         198    0.802647    0.804513 0.000358544
         199    0.810566    0.804543  0.00035803
         200    0.799021    0.804515 0.000357303
         201    0.798851    0.804487 0.000356635
         202    0.806838    0.804499 0.000355059
         203    0.799789    0.804476 0.000354067
         204    0.809773    0.804502 0.000353283
         205    0.804102      0.8045 0.000351565
         206    0.802419     0.80449 0.000350003
         207    0.798059    0.804458 0.000349688
         208    0.804315    0.804458 0.000348008
         209     0.81053    0.804487 0.000347553
         210    0.799886    0.804465 0.000346588
         211    0.808257    0.804483 0.000345411
         212    0.804219    0.804482 0.000343784
         213    0.799494    0.804458 0.000342967
         214    0.798663    0.804431 0.000342431
         215    0.807576    0.804446 0.000341151
         216    0.801298    0.804431 0.000339883
         217    0.805293    0.804435  0.00033834
         218    0.804094    0.804434 0.000336791
         219    0.800668    0.804416 0.000335692
         220    0.810241    0.804443 0.000335209
         221    0.799333     0.80442 0.000334488
         222    0.803709    0.804417 0.000332997
         223    0.811997    0.804451 0.000333234
         224    0.801165    0.804436 0.000332069
         225    0.804695    0.804437 0.000330595
         226    0.811436    0.804468  0.00033058
         227    0.794086    0.804422 0.000332273
         228    0.809569    0.804445 0.000331581
         229    0.808944    0.804464 0.000330715
         230    0.797665    0.804435 0.000330596
         231    0.812634     0.80447 0.000331064
         232    0.801269    0.804457 0.000329925
         233    0.811403    0.804486 0.000329853
         234     0.80818    0.804502 0.000328821
         235    0.803433    0.804498 0.000327453
         236     0.80724    0.804509 0.000326272
         237    0.804359    0.804509 0.000324895
         238    0.807774    0.804522  0.00032382
         239    0.803463    0.804518 0.000322495
         240    0.803784    0.804515 0.000321166
         241    0.807011    0.804525     0.00032
         242    0.803383    0.804521 0.000318713
         243    0.803892    0.804518 0.000317412
         244    0.807185    0.804529 0.000316299
         245    0.804762     0.80453 0.000315009
         246    0.804285    0.804529 0.000313731
         247    0.806434    0.804537 0.000312555
         248     0.81071    0.804561 0.000312284
         249    0.796473    0.804529 0.000312715
         250    0.802522    0.804521 0.000311567
         251     0.79586    0.804486 0.000312231
         252    0.804505    0.804486 0.000310992
         253     0.80201    0.804477 0.000309917
         254    0.802235    0.804468 0.000308822
         255    0.801735    0.804457 0.000307797
         256    0.804133    0.804456 0.000306597
         257    0.810151    0.804478 0.000306204
         258    0.795162    0.804442 0.000307139
         259    0.804526    0.804442 0.000305953
         260    0.810904    0.804467 0.000305784
         261    0.805728    0.804472 0.000304651
         262    0.809395    0.804491 0.000304067
         263     0.80648    0.804498 0.000303005
         264    0.808787    0.804515 0.000302293
         265    0.799549    0.804496 0.000301732
         266    0.809597    0.804515 0.000301206
         267    0.808236    0.804529 0.000300401
         268    0.798149    0.804505 0.000300221
         269    0.802533    0.804498 0.000299195
         270    0.800864    0.804484 0.000298389
         271    0.806623    0.804492 0.000297393
         272    0.807591    0.804504 0.000296517
         273    0.806914    0.804512 0.000295563
         274    0.804528    0.804512 0.000294484
         275    0.802824    0.804506 0.000293477
         276    0.810577    0.804528 0.000293237
         277    0.802815    0.804522 0.000292243
         278    0.805514    0.804526 0.000291214
         279    0.809862    0.804545 0.000290798
         280    0.801998    0.804536 0.000289901
         281    0.809001    0.804552 0.000289305
         282    0.806906     0.80456 0.000288399
         283      0.8001    0.804544 0.000287811
         284    0.804293    0.804543 0.000286799
         285    0.799308    0.804525  0.00028638
         286    0.806948    0.804533 0.000285504
         287    0.810182    0.804553 0.000285187
         288    0.803153    0.804548 0.000284238
         289    0.797459    0.804524 0.000284311
         290     0.81324    0.804554 0.000284915
         291     0.79788    0.804531 0.000284857
         292    0.802394    0.804524 0.000283976
         293    0.812165     0.80455 0.000284202
         294    0.799536    0.804533 0.000283746
         295    0.803816     0.80453 0.000282795
         296    0.807883    0.804541 0.000282066
         297    0.804276    0.804541 0.000281118
         298    0.804785    0.804541 0.000280176
         299     0.80417     0.80454 0.000279241
         300    0.799379    0.804523  0.00027884
         301    0.811323    0.804546 0.000278827
         302    0.799994     0.80453 0.000278311
         303     0.80669    0.804538 0.000277484
         304    0.800914    0.804526 0.000276827
         305    0.807495    0.804535  0.00027609
         306    0.807096    0.804544 0.000275315
         307    0.807668    0.804554 0.000274606
         308    0.802272    0.804547 0.000273815
         309    0.811122    0.804568 0.000273754
         310     0.79813    0.804547 0.000273658
         311     0.80471    0.804548 0.000272778
         312    0.803445    0.804544 0.000271927
         313    0.804019    0.804542 0.000271063
         314      0.8076    0.804552 0.000270375
         315     0.80393     0.80455 0.000269524
         316    0.804617     0.80455 0.000268671
         317    0.807249    0.804559 0.000267958
         318    0.802856    0.804554 0.000267169
         319    0.806068    0.804558 0.000266374
         320    0.806494    0.804564  0.00026561
         321    0.805239    0.804566 0.000264791
         322    0.810812    0.804586 0.000264678
         323    0.802067    0.804578 0.000263973
         324    0.811746      0.8046 0.000264084
         325     0.80011    0.804586 0.000263633
         326    0.810111    0.804603 0.000263368
         327    0.803394      0.8046 0.000262589
         328    0.802588    0.804593  0.00026186
         329    0.808301    0.804605 0.000261306
         330    0.805881    0.804609 0.000260543
         331    0.807378    0.804617  0.00025989
         332    0.803864    0.804615 0.000259117
         333    0.805843    0.804618 0.000258365
         334    0.806781    0.804625 0.000257673
         335    0.804052    0.804623 0.000256909
         336    0.801534    0.804614 0.000256309
         337    0.801251    0.804604 0.000255743
         338    0.811423    0.804624 0.000255781
         339    0.800991    0.804613 0.000255251
         340    0.809349    0.804627  0.00025488
         341    0.800155    0.804614 0.000254469
         342    0.799917      0.8046 0.000254096
         343    0.812926    0.804625 0.000254512
         344    0.798565    0.804607 0.000254381
         345    0.813143    0.804632 0.000254844
         346    0.802205    0.804625 0.000254204
         347    0.809569    0.804639  0.00025387
         348    0.801856    0.804631 0.000253267
         349     0.79929    0.804616 0.000253003
         350    0.807479    0.804624 0.000252412
         351    0.803462    0.804621 0.000251715
         352    0.808556    0.804632 0.000251248
         353    0.806862    0.804638 0.000250616
         354    0.806008    0.804642 0.000249937
         355    0.801563    0.804633 0.000249384
         356    0.803877    0.804631 0.000248692
         357    0.808922    0.804643 0.000248286
         358    0.803211    0.804639 0.000247625
         359    0.806439    0.804644 0.000246986
         360    0.807994    0.804654 0.000246475
         361    0.799912     0.80464 0.000246142
         362     0.80483    0.804641 0.000245462
         363    0.805272    0.804643 0.000244792
         364    0.807483    0.804651 0.000244244
         365    0.805795    0.804654 0.000243595
         366    0.809194    0.804666 0.000243245
         367    0.802129    0.804659 0.000242681
         368    0.802828    0.804654 0.000242072
         369     0.80378    0.804652 0.000241428
         370    0.811629    0.804671 0.000241511
         371    0.801429    0.804662 0.000241018
         372    0.810416    0.804677 0.000240866
         373     0.79608    0.804654  0.00024132
         374    0.813472    0.804678 0.000241824
         375    0.802818    0.804673  0.00024123
         376     0.80199    0.804666 0.000240694
         377    0.804326    0.804665 0.000240057
         378    0.809108    0.804677 0.000239709
         379    0.809772     0.80469 0.000239454
         380    0.797133     0.80467 0.000239648
         381    0.807751    0.804678 0.000239155
         382    0.805801    0.804681 0.000238547
         383    0.809897    0.804695 0.000238313
         384    0.799567    0.804682 0.000238066
         385    0.808817    0.804692  0.00023769
         386    0.805351    0.804694  0.00023708
         387    0.801041    0.804685 0.000236656
         388    0.812775    0.804705 0.000236963
         389    0.794925     0.80468 0.000237683
         390    0.810608    0.804695 0.000237559
         391    0.801143    0.804686 0.000237126
         392    0.814133     0.80471 0.000237742
         393    0.796297    0.804689 0.000238099
         394    0.806911    0.804695 0.000237562
         395    0.810322    0.804709 0.000237387
         396    0.808825    0.804719 0.000237015
         397    0.803867    0.804717 0.000236428
         398    0.803248    0.804713 0.000235862
         399    0.805072    0.804714 0.000235273
         400    0.800673    0.804704 0.000234902
         401    0.801941    0.804697 0.000234417
         402    0.809952     0.80471 0.000234198
         403    0.806813    0.804716 0.000233675
         404    0.800769    0.804706 0.000233301
         405    0.806593    0.804711 0.000232771
         406    0.807893    0.804718  0.00023233
         407    0.805014    0.804719  0.00023176
         408     0.79674      0.8047 0.000232016
         409    0.800866     0.80469 0.000231638
         410    0.806439    0.804694 0.000231112
         411    0.801795    0.804687 0.000230657
         412    0.807381    0.804694  0.00023019
         413    0.806319    0.804698 0.000229666
         414    0.791973    0.804667 0.000231159
         415    0.808063    0.804675 0.000230747
         416    0.801767    0.804668 0.000230298
         417    0.800684    0.804659 0.000229944
         418    0.805776    0.804661 0.000229409
         419    0.799925     0.80465  0.00022914
         420    0.812072    0.804668 0.000229275
         421    0.800643    0.804658  0.00022893
         422    0.802072    0.804652 0.000228469
         423    0.806222    0.804656 0.000227959
         424    0.797962     0.80464 0.000227968
         425    0.810286    0.804653 0.000227818
         426    0.802065    0.804647 0.000227364
         427    0.806316    0.804651 0.000226865
         428    0.810404    0.804665 0.000226733
         429    0.806897     0.80467 0.000226264
         430    0.804448    0.804669 0.000225739
         431    0.801583    0.804662 0.000225328
         432    0.805237    0.804663 0.000224811
         433    0.809486    0.804675 0.000224567
         434    0.799198    0.804662 0.000224404
         435    0.805991    0.804665 0.000223909
         436    0.807042    0.804671 0.000223462
         437    0.801729    0.804664 0.000223052
         438    0.805581    0.804666 0.000222552
         439    0.803349    0.804663 0.000222066
         440     0.80414    0.804662 0.000221564
         441    0.798812    0.804648 0.000221459
         442    0.803941    0.804647 0.000220963
         443    0.808983    0.804657 0.000220681
         444    0.800617    0.804648 0.000220372
         445    0.808686    0.804657 0.000220063
         446    0.800652    0.804648 0.000219753
         447    0.806357    0.804651 0.000219295
         448    0.798641    0.804638 0.000219215
         449    0.810685    0.804651  0.00021914
         450    0.803215    0.804648 0.000218676
         451    0.805763    0.804651 0.000218206
         452    0.798353    0.804637 0.000218167
         453    0.815269     0.80466 0.000218944
         454    0.800578    0.804651 0.000218647
         455      0.8013    0.804644  0.00021829
         456    0.803529    0.804642 0.000217825
         457    0.807003    0.804647  0.00021741
         458    0.803621    0.804644 0.000216947
         459    0.807016     0.80465 0.000216536
         460    0.801089    0.804642 0.000216203
         461    0.805274    0.804643 0.000215739
         462      0.8049    0.804644 0.000215272
         463    0.819509    0.804676 0.000217188
         464    0.798102    0.804662 0.000217182
         465    0.807972    0.804669 0.000216832
         466    0.800692     0.80466 0.000216534
         467    0.811935    0.804676  0.00021663
         468    0.802332    0.804671 0.000216225
         469    0.809831    0.804682 0.000216044
         470    0.800487    0.804673 0.000215768
         471    0.805696    0.804675 0.000215321
         472    0.802214     0.80467 0.000214928
         473    0.804757     0.80467 0.000214474
         474    0.801208    0.804663 0.000214146
         475    0.805429    0.804664 0.000213701
         476    0.814142    0.804684 0.000214177
         477    0.793542    0.804661 0.000214998
         478    0.803373    0.804658 0.000214565
         479    0.813254    0.804676 0.000214867
         480     0.80527    0.804677 0.000214423
         481    0.802807    0.804674 0.000214012
         482    0.811297    0.804687 0.000214009
         483    0.794826    0.804667 0.000214537
         484    0.798934    0.804655 0.000214421
         485    0.814755    0.804676 0.000214988
         486     0.81067    0.804688 0.000214899
         487    0.801768    0.804682 0.000214541
         488    0.806238    0.804685 0.000214125
         489     0.80449    0.804685 0.000213688
         490    0.806371    0.804688 0.000213279
         491    0.805353     0.80469 0.000212849
         492    0.798944    0.804678 0.000212737
         493    0.798059    0.804665 0.000212729
         494      0.8049    0.804665 0.000212299
         495    0.803939    0.804664 0.000211875
         496    0.800172    0.804655 0.000211641
         497    0.804297    0.804654 0.000211216
         498    0.809314    0.804663 0.000210999
         499    0.806815    0.804668 0.000210621
         500    0.803766    0.804666 0.000210207
