#     BLOCK:   ACTUAL_TE:    TE_AVE:      ERROR:
           1    -178.778    -178.778           0
           2    -178.217    -178.498    0.198518
           3    -178.211    -178.402    0.153562
           4    -178.435    -178.411    0.115396
           5     -178.64    -178.456     0.10102
           6    -178.087    -178.395    0.101225
           7    -178.718    -178.441   0.0966954
           8     -178.49    -178.447   0.0848066
           9    -178.268    -178.427   0.0776904
          10    -178.874    -178.472   0.0817474
          11    -178.034    -178.432   0.0834602
          12    -178.786    -178.461   0.0815464
          13    -178.318     -178.45   0.0760176
          14    -178.289    -178.439   0.0714604
          15      -178.7    -178.456   0.0687789
          16    -178.529    -178.461   0.0646301
          17    -178.342    -178.454   0.0612079
          18    -178.402    -178.451   0.0578738
          19    -178.586    -178.458   0.0552643
          20     -178.42    -178.456   0.0525336
          21    -178.784    -178.472   0.0523065
          22    -177.973    -178.449   0.0546289
          23    -179.043    -178.475   0.0580289
          24    -178.298    -178.468   0.0560753
          25    -178.306    -178.461   0.0542022
          26    -178.921    -178.479   0.0549308
          27    -178.217    -178.469   0.0537426
          28    -178.225     -178.46   0.0525262
          29    -178.837    -178.473   0.0522998
          30    -178.233    -178.465    0.051166
          31     -178.42    -178.464   0.0495365
          32    -178.562    -178.467   0.0480831
          33    -178.399    -178.465     0.04667
          34    -178.405    -178.463   0.0453304
          35    -178.487    -178.464   0.0440402
          36    -178.381    -178.462   0.0428772
          37    -178.461    -178.461   0.0417184
          38    -178.407     -178.46    0.040645
          39    -178.578    -178.463   0.0397154
          40    -178.551    -178.465   0.0387829
          41      -178.4    -178.464   0.0378693
          42    -178.544    -178.466   0.0370157
          43    -178.592    -178.469   0.0362708
          44    -178.391    -178.467   0.0354894
          45    -178.493    -178.467   0.0347056
          46      -178.5    -178.468   0.0339583
          47     -178.44    -178.467    0.033241
          48    -178.443    -178.467   0.0325523
          49    -178.387    -178.465   0.0319285
          50      -178.5    -178.466   0.0312976
          51    -178.445    -178.466   0.0306866
          52    -178.192     -178.46   0.0305448
          53    -178.987     -178.47   0.0315438
          54    -178.129    -178.464   0.0315862
          55    -178.729    -178.469   0.0313772
          56    -178.552     -178.47   0.0308523
          57    -178.305    -178.467   0.0304463
          58     -178.63     -178.47   0.0300504
          59    -178.554    -178.472   0.0295744
          60    -178.423    -178.471   0.0290928
          61     -178.31    -178.468   0.0287348
          62    -178.473    -178.468   0.0282715
          63    -178.614    -178.471   0.0279166
          64    -178.435     -178.47   0.0274859
          65     -178.47     -178.47    0.027063
          66    -178.247    -178.467   0.0268639
          67    -178.724     -178.47   0.0267372
          68    -178.277    -178.468   0.0264957
          69    -178.553    -178.469   0.0261402
          70    -178.598    -178.471   0.0258321
          71    -178.235    -178.467   0.0256808
          72    -178.459    -178.467   0.0253244
          73    -178.712    -178.471   0.0251986
          74    -178.082    -178.465   0.0253986
          75    -178.717    -178.469   0.0252799
          76    -178.087    -178.464   0.0254416
          77    -178.826    -178.468   0.0255421
          78    -178.138    -178.464   0.0255627
          79    -178.694    -178.467   0.0254048
          80    -178.239    -178.464   0.0252474
          81    -178.352    -178.463   0.0249735
          82    -178.543    -178.464    0.024688
          83    -178.493    -178.464   0.0243931
          84    -178.422    -178.464   0.0241078
          85    -178.578    -178.465   0.0238615
          86    -178.496    -178.465   0.0235867
          87     -178.39    -178.464   0.0233316
          88    -178.264    -178.462    0.023177
          89    -178.412    -178.462   0.0229236
          90    -178.628    -178.463    0.022743
          91      -178.4    -178.463   0.0225039
          92    -178.582    -178.464   0.0222966
          93    -178.537    -178.465   0.0220705
          94    -178.445    -178.465   0.0218367
          95    -178.492    -178.465   0.0216087
          96    -178.741    -178.468   0.0215747
          97    -178.371    -178.467   0.0213755
          98    -178.306    -178.465   0.0212204
          99    -178.364    -178.464   0.0210309
         100     -178.64    -178.466   0.0208943
         101    -178.387    -178.465    0.020702
         102    -178.305    -178.464   0.0205587
         103    -178.668    -178.466   0.0204543
         104    -178.284    -178.464   0.0203317
         105    -178.328    -178.463   0.0201789
         106    -178.663    -178.464   0.0200766
         107    -178.626    -178.466   0.0199454
         108    -178.464    -178.466   0.0197607
         109    -178.636    -178.467   0.0196411
         110    -178.618    -178.469   0.0195101
         111    -178.245    -178.467   0.0194385
         112    -178.577    -178.468   0.0192898
         113    -178.323    -178.466   0.0191618
         114    -178.458    -178.466   0.0189939
         115    -178.443    -178.466   0.0188298
         116    -178.308    -178.465   0.0187171
         117    -178.634    -178.466   0.0186131
         118    -178.491    -178.467   0.0184566
         119    -178.369    -178.466   0.0183197
         120    -178.249    -178.464   0.0182562
         121    -178.632    -178.465   0.0181579
         122    -178.666    -178.467   0.0180832
         123    -178.291    -178.465   0.0179928
         124    -178.593    -178.467   0.0178771
         125    -178.571    -178.467   0.0177537
         126    -178.433    -178.467   0.0176149
         127    -178.391    -178.466   0.0174863
         128     -178.56    -178.467   0.0173648
         129    -178.353    -178.466   0.0172526
         130    -178.457    -178.466     0.01712
         131    -178.344    -178.465   0.0170146
         132    -178.343    -178.464    0.016911
         133    -178.454    -178.464   0.0167841
         134    -178.557    -178.465   0.0166732
         135    -178.294    -178.464   0.0165979
         136    -178.039    -178.461   0.0167672
         137    -178.371     -178.46   0.0166576
         138    -178.708    -178.462   0.0166339
         139    -178.487    -178.462   0.0165152
         140    -178.277    -178.461   0.0164497
         141    -178.607    -178.462   0.0163656
         142    -178.434    -178.461   0.0162516
         143    -178.775    -178.464   0.0162854
         144      -178.3    -178.463   0.0162119
         145    -178.509    -178.463   0.0161033
         146    -178.631    -178.464   0.0160342
         147    -178.621    -178.465   0.0159605
         148    -178.649    -178.466   0.0159008
         149    -178.216    -178.465   0.0158822
         150    -178.782    -178.467   0.0159166
         151    -178.208    -178.465   0.0159031
         152    -178.457    -178.465   0.0157985
         153    -178.519    -178.465   0.0156992
         154    -178.399    -178.465   0.0156033
         155    -178.486    -178.465   0.0155032
         156    -178.704    -178.467   0.0154792
         157    -178.328    -178.466   0.0154058
         158    -178.118    -178.463   0.0154643
         159    -178.835    -178.466    0.015543
         160    -178.427    -178.466   0.0154478
         161    -178.364    -178.465   0.0153647
         162     -178.36    -178.464   0.0152837
         163    -178.653    -178.465   0.0152336
         164    -178.479    -178.466   0.0151409
         165    -178.453    -178.465   0.0150493
         166    -178.276    -178.464    0.015002
         167    -178.817    -178.466   0.0150597
         168    -178.239    -178.465   0.0150308
         169    -178.463    -178.465   0.0149419
         170    -178.213    -178.464   0.0149276
         171    -178.401    -178.463   0.0148448
         172    -178.519    -178.464   0.0147621
         173      -178.7    -178.465   0.0147398
         174    -178.559    -178.465   0.0146651
         175    -178.384    -178.465   0.0145887
         176    -178.678    -178.466   0.0145559
         177    -178.386    -178.466   0.0144808
         178     -178.45    -178.466   0.0143997
         179    -178.677    -178.467   0.0143675
         180    -178.289    -178.466   0.0143216
         181    -178.567    -178.466   0.0142535
         182     -178.37    -178.466   0.0141849
         183     -178.07    -178.464   0.0142717
         184    -178.683    -178.465   0.0142438
         185    -178.506    -178.465   0.0141685
         186    -178.215    -178.464   0.0141562
         187    -178.726    -178.465   0.0141499
         188    -178.212    -178.464   0.0141385
         189    -178.401    -178.463   0.0140677
         190    -178.342    -178.463   0.0140081
         191     -178.26    -178.462   0.0139751
         192    -178.477    -178.462   0.0139025
         193     -178.66    -178.463   0.0138685
         194    -177.984     -178.46   0.0140151
         195    -178.841    -178.462   0.0140787
         196    -177.973     -178.46   0.0142261
         197    -179.022    -178.463   0.0144377
         198    -178.383    -178.462   0.0143704
         199    -178.705    -178.464   0.0143501
         200    -178.272    -178.463   0.0143102
         201    -178.228    -178.461   0.0142864
         202    -178.574    -178.462   0.0142266
         203    -178.279    -178.461    0.014185
         204    -178.698    -178.462    0.014163
         205    -178.429    -178.462   0.0140948
         206    -178.391    -178.462   0.0140306
         207    -178.175     -178.46    0.014031
         208    -178.451     -178.46   0.0139637
         209    -178.687    -178.461    0.013939
         210    -178.314    -178.461   0.0138903
         211    -178.649    -178.462   0.0138529
         212     -178.49    -178.462   0.0137883
         213    -178.267    -178.461   0.0137539
         214    -178.192     -178.46   0.0137469
         215    -178.586     -178.46   0.0136956
         216    -178.324     -178.46   0.0136466
         217    -178.523     -178.46   0.0135869
         218    -178.481     -178.46   0.0135249
         219     -178.31    -178.459   0.0134804
         220    -178.708     -178.46   0.0134665
         221    -178.255    -178.459   0.0134377
         222    -178.404    -178.459   0.0133794
         223    -178.751     -178.46   0.0133831
         224    -178.337     -178.46   0.0133348
         225    -178.456     -178.46   0.0132755
         226    -178.743    -178.461   0.0132759
         227    -178.052    -178.459   0.0133391
         228    -178.642     -178.46   0.0133047
         229    -178.616    -178.461    0.013264
         230      -178.2     -178.46   0.0132548
         231    -178.742    -178.461   0.0132536
         232    -178.317     -178.46    0.013211
         233    -178.738    -178.461   0.0132081
         234    -178.614    -178.462   0.0131677
         235    -178.418    -178.462    0.013113
         236    -178.567    -178.462   0.0130651
         237    -178.443    -178.462   0.0130102
         238    -178.584    -178.463   0.0129656
         239    -178.413    -178.463    0.012913
         240    -178.446    -178.463   0.0128594
         241    -178.567    -178.463   0.0128133
         242    -178.392    -178.463   0.0127638
         243    -178.436    -178.463   0.0127117
         244    -178.542    -178.463   0.0126638
         245    -178.451    -178.463   0.0126122
         246    -178.476    -178.463   0.0125611
         247    -178.543    -178.463   0.0125144
         248    -178.744    -178.464   0.0125152
         249    -178.102    -178.463   0.0125494
         250     -178.39    -178.463   0.0125026
         251    -178.124    -178.461   0.0125255
         252    -178.444    -178.461    0.012476
         253    -178.337    -178.461   0.0124364
         254    -178.411    -178.461    0.012389
         255    -178.335     -178.46   0.0123502
         256    -178.459     -178.46    0.012302
         257    -178.659    -178.461   0.0122784
         258    -178.089    -178.459   0.0123149
         259    -178.469    -178.459   0.0122674
         260    -178.709     -178.46   0.0122577
         261    -178.487     -178.46   0.0122112
         262    -178.657    -178.461   0.0121875
         263    -178.508    -178.461   0.0121425
         264    -178.631    -178.462   0.0121134
         265    -178.276    -178.461    0.012088
         266    -178.698    -178.462   0.0120753
         267    -178.633    -178.463   0.0120471
         268    -178.211    -178.462   0.0120386
         269    -178.386    -178.462   0.0119972
         270    -178.315    -178.461    0.011965
         271    -178.557    -178.461   0.0119262
         272    -178.608    -178.462   0.0118944
         273    -178.563    -178.462   0.0118566
         274    -178.463    -178.462   0.0118134
         275    -178.403    -178.462   0.0117724
         276    -178.708    -178.463   0.0117632
         277    -178.396    -178.463   0.0117232
         278     -178.51    -178.463   0.0116823
         279    -178.677    -178.464   0.0116657
         280    -178.369    -178.463   0.0116289
         281    -178.684    -178.464   0.0116139
         282    -178.556    -178.464   0.0115773
         283    -178.285    -178.464   0.0115538
         284    -178.397    -178.464   0.0115155
         285     -178.25    -178.463   0.0114994
         286    -178.519    -178.463   0.0114609
         287     -178.66    -178.464   0.0114414
         288    -178.452    -178.464   0.0114018
         289    -178.154    -178.463   0.0114126
         290    -178.836    -178.464   0.0114458
         291    -178.213    -178.463    0.011439
         292    -178.396    -178.463   0.0114021
         293    -178.751    -178.464   0.0114054
         294    -178.258    -178.463   0.0113881
         295    -178.441    -178.463   0.0113498
         296    -178.632    -178.464   0.0113257
         297    -178.457    -178.464   0.0112876
         298    -178.417    -178.463   0.0112508
         299    -178.409    -178.463   0.0112147
         300     -178.24    -178.463   0.0112019
         301    -178.748    -178.463   0.0112048
         302    -178.273    -178.463   0.0111854
         303    -178.554    -178.463   0.0111525
         304    -178.331    -178.463   0.0111243
         305    -178.563    -178.463   0.0110927
         306    -178.557    -178.463   0.0110607
         307    -178.596    -178.464   0.0110331
         308    -178.412    -178.464   0.0109985
         309    -178.694    -178.464   0.0109881
         310    -178.228    -178.464   0.0109791
         311    -178.467    -178.464   0.0109438
         312     -178.42    -178.463   0.0109096
         313    -178.417    -178.463   0.0108758
         314    -178.562    -178.464   0.0108457
         315    -178.438    -178.464   0.0108115
         316     -178.47    -178.464   0.0107774
         317    -178.593    -178.464   0.0107511
         318    -178.409    -178.464   0.0107187
         319    -178.504    -178.464   0.0106858
         320    -178.539    -178.464    0.010655
         321    -178.504    -178.464   0.0106225
         322     -178.69    -178.465   0.0106127
         323    -178.359    -178.465   0.0105849
         324    -178.733    -178.465   0.0105847
         325    -178.307    -178.465   0.0105634
         326    -178.658    -178.466   0.0105476
         327    -178.392    -178.465   0.0105177
         328    -178.409    -178.465   0.0104871
         329     -178.58    -178.466    0.010461
         330    -178.505    -178.466     0.01043
         331    -178.591    -178.466   0.0104054
         332    -178.446    -178.466   0.0103742
         333     -178.52    -178.466   0.0103443
         334    -178.579    -178.466   0.0103189
         335    -178.428    -178.466   0.0102887
         336    -178.338    -178.466   0.0102652
         337    -178.291    -178.465   0.0102478
         338    -178.741    -178.466   0.0102498
         339    -178.313    -178.466   0.0102295
         340    -178.639    -178.466   0.0102121
         341    -178.284    -178.466   0.0101961
         342    -178.265    -178.465   0.0101832
         343    -178.796    -178.466   0.0101991
         344     -178.21    -178.465   0.0101966
         345    -178.835    -178.466   0.0102233
         346    -178.384    -178.466   0.0101965
         347    -178.644    -178.467   0.0101801
         348    -178.376    -178.467   0.0101542
         349    -178.251    -178.466   0.0101438
         350    -178.581    -178.466   0.0101201
         351    -178.408    -178.466   0.0100927
         352    -178.651    -178.467   0.0100776
         353    -178.563    -178.467   0.0100528
         354    -178.517    -178.467   0.0100254
         355    -178.361    -178.467   0.0100016
         356    -178.419    -178.467  0.00997439
         357    -178.656    -178.467  0.00996049
         358    -178.425    -178.467  0.00993336
         359    -178.552    -178.467  0.00990853
         360    -178.586    -178.468  0.00988648
         361    -178.266    -178.467   0.0098748
         362    -178.468    -178.467  0.00984753
         363    -178.459    -178.467  0.00982042
         364    -178.572    -178.467  0.00979766
         365    -178.526    -178.467  0.00977216
         366    -178.646    -178.468  0.00975763
         367    -178.353    -178.468  0.00973603
         368    -178.363    -178.467  0.00971374
         369    -178.454    -178.467  0.00968748
         370    -178.771    -178.468  0.00969593
         371    -178.339    -178.468  0.00967601
         372    -178.709    -178.468  0.00967166
         373    -178.122    -178.467  0.00969028
         374    -178.806    -178.468  0.00970658
         375    -178.407    -178.468  0.00968208
         376    -178.369    -178.468  0.00965993
         377    -178.456    -178.468  0.00963436
         378    -178.661    -178.468  0.00962245
         379    -178.641    -178.469  0.00960786
         380    -178.177    -178.468  0.00961329
         381      -178.6    -178.468  0.00959426
         382    -178.497    -178.469  0.00956942
         383    -178.687    -178.469  0.00956145
         384    -178.276    -178.469  0.00954975
         385    -178.645    -178.469  0.00953588
         386    -178.487    -178.469   0.0095113
         387     -178.31    -178.469  0.00949562
         388    -178.809     -178.47  0.00951152
         389    -178.091    -178.469  0.00953675
         390    -178.709    -178.469  0.00953219
         391    -178.361    -178.469  0.00951186
         392    -178.817     -178.47  0.00952888
         393    -178.121    -178.469  0.00954598
         394    -178.569    -178.469  0.00952512
         395    -178.688     -178.47  0.00951704
         396    -178.593     -178.47   0.0094981
         397    -178.414     -178.47  0.00947522
         398    -178.405     -178.47  0.00945283
         399    -178.493     -178.47  0.00942933
         400    -178.332    -178.469  0.00941208
         401    -178.389    -178.469  0.00939072
         402    -178.682     -178.47  0.00938224
         403     -178.54     -178.47  0.00936056
         404     -178.31     -178.47  0.00934579
         405    -178.552     -178.47  0.00932495
         406     -178.58     -178.47  0.00930592
         407    -178.469     -178.47  0.00928305
         408    -178.177    -178.469  0.00928813
         409    -178.348    -178.469  0.00927018
         410    -178.487    -178.469  0.00924767
         411    -178.347    -178.469  0.00922995
         412    -178.558    -178.469   0.0092101
         413    -178.539    -178.469  0.00918934
         414    -178.015    -178.468   0.0092324
         415    -178.587    -178.468  0.00921463
         416    -178.373    -178.468   0.0091953
         417    -178.314    -178.468  0.00918065
         418    -178.525    -178.468  0.00915972
         419    -178.282    -178.467  0.00914864
         420    -178.763    -178.468  0.00915396
         421    -178.299    -178.468  0.00914103
         422    -178.363    -178.467  0.00912272
         423    -178.511    -178.468  0.00910173
         424    -178.192    -178.467  0.00910353
         425     -178.68    -178.467  0.00909588
         426    -178.388    -178.467  0.00907643
         427    -178.517    -178.467  0.00905591
         428     -178.68    -178.468   0.0090484
         429    -178.547    -178.468  0.00902917
         430    -178.474    -178.468  0.00900819
         431    -178.348    -178.468   0.0089916
         432    -178.501    -178.468  0.00897111
         433    -178.691    -178.468  0.00896514
         434    -178.219    -178.468  0.00896281
         435     -178.53    -178.468  0.00894336
         436    -178.545    -178.468  0.00892458
         437    -178.339    -178.468  0.00890908
         438    -178.535    -178.468  0.00889006
         439    -178.381    -178.468  0.00887203
         440    -178.428    -178.468  0.00885232
         441    -178.234    -178.467  0.00884806
         442    -178.443    -178.467  0.00882821
         443    -178.616    -178.467  0.00881466
         444    -178.292    -178.467  0.00880364
         445    -178.624    -178.467  0.00879095
         446     -178.32    -178.467  0.00877748
         447    -178.528    -178.467  0.00875889
         448    -178.219    -178.467  0.00875689
         449     -178.75    -178.467  0.00876013
         450      -178.4    -178.467  0.00874192
         451    -178.524    -178.467  0.00872346
         452    -178.233    -178.467  0.00871952
         453    -178.882    -178.468  0.00874826
         454     -178.27    -178.467  0.00873978
         455    -178.317    -178.467  0.00872681
         456     -178.43    -178.467  0.00870805
         457    -178.584    -178.467  0.00869276
         458    -178.416    -178.467   0.0086745
         459     -178.59    -178.467  0.00865977
         460    -178.325    -178.467  0.00864647
         461     -178.48    -178.467  0.00862776
         462    -178.497    -178.467  0.00860933
         463    -179.068    -178.468  0.00868812
         464    -178.218    -178.468  0.00868618
         465    -178.617    -178.468  0.00867344
         466    -178.298    -178.468  0.00866251
         467    -178.765    -178.468  0.00866734
         468    -178.385    -178.468  0.00865068
         469    -178.705    -178.469  0.00864693
         470    -178.316    -178.468  0.00863461
         471    -178.516    -178.468  0.00861686
         472    -178.359    -178.468  0.00860173
         473    -178.515    -178.468  0.00858411
         474    -178.369    -178.468  0.00856855
         475    -178.454    -178.468  0.00855057
         476    -178.835    -178.469  0.00856731
         477    -177.996    -178.468  0.00860647
         478    -178.405    -178.468  0.00858947
         479    -178.821    -178.468   0.0086032
         480    -178.456    -178.468  0.00858532
         481    -178.415    -178.468  0.00856818
         482    -178.768    -178.469  0.00857291
         483    -178.027    -178.468  0.00860378
         484    -178.215    -178.468  0.00860189
         485    -178.865    -178.468  0.00862319
         486    -178.698    -178.469   0.0086184
         487    -178.336    -178.469  0.00860502
         488    -178.541    -178.469  0.00858867
         489    -178.449    -178.469   0.0085712
         490    -178.522    -178.469   0.0085544
         491    -178.485    -178.469  0.00853704
         492    -178.224    -178.468  0.00853415
         493    -178.187    -178.468  0.00853595
         494    -178.449    -178.468  0.00851875
         495    -178.435    -178.468   0.0085018
         496    -178.294    -178.467  0.00849183
         497    -178.486    -178.467  0.00847483
         498    -178.675    -178.468  0.00846802
         499    -178.545    -178.468  0.00845247
         500    -178.417    -178.468  0.00843618
