#   N_BLOCK:  ACCEPTANCE:
           1    0.546824
           2     0.54663
           3    0.546182
           4    0.547231
           5    0.546696
           6    0.546579
           7    0.546493
           8    0.547081
           9    0.546938
          10    0.546598
          11     0.54671
          12     0.54685
          13    0.547019
          14     0.54704
          15    0.547021
          16    0.547055
          17    0.547204
          18     0.54709
          19    0.546978
          20    0.547043
          21    0.547073
          22    0.546986
          23    0.546986
          24    0.546997
          25    0.546919
          26    0.546953
          27    0.546918
          28    0.546926
          29    0.546862
          30    0.546831
          31    0.546835
          32    0.546878
          33    0.546896
          34    0.546924
          35    0.546878
          36    0.546889
          37    0.546893
          38    0.546925
          39    0.546991
          40    0.547045
          41    0.547009
          42    0.546972
          43    0.546923
          44    0.546979
          45    0.546916
          46     0.54692
          47    0.546821
          48    0.546823
          49    0.546833
          50     0.54684
          51    0.546773
          52    0.546685
          53    0.546679
          54    0.546708
          55    0.546653
          56    0.546642
          57    0.546681
          58    0.546644
          59    0.546597
          60    0.546592
          61      0.5466
          62    0.546613
          63     0.54665
          64    0.546662
          65    0.546657
          66    0.546636
          67    0.546668
          68    0.546632
          69    0.546636
          70    0.546644
          71    0.546611
          72    0.546635
          73     0.54661
          74    0.546582
          75     0.54656
          76    0.546563
          77     0.54655
          78    0.546531
          79    0.546529
          80    0.546543
          81    0.546533
          82    0.546539
          83    0.546558
          84    0.546576
          85    0.546596
          86    0.546605
          87    0.546591
          88    0.546584
          89    0.546577
          90     0.54658
          91    0.546562
          92    0.546573
          93    0.546582
          94    0.546575
          95    0.546577
          96    0.546564
          97    0.546556
          98    0.546543
          99    0.546538
         100    0.546549
         101    0.546525
         102    0.546524
         103    0.546554
         104    0.546548
         105    0.546541
         106    0.546538
         107    0.546558
         108    0.546538
         109    0.546556
         110    0.546538
         111    0.546546
         112    0.546542
         113    0.546549
         114    0.546559
         115    0.546552
         116     0.54654
         117    0.546566
         118    0.546552
         119    0.546548
         120    0.546546
         121    0.546565
         122    0.546549
         123    0.546539
         124    0.546534
         125    0.546517
         126    0.546494
         127    0.546501
         128     0.54651
         129    0.546515
         130    0.546507
         131    0.546495
         132    0.546491
         133    0.546477
         134    0.546474
         135    0.546466
         136    0.546447
         137    0.546452
         138    0.546438
         139    0.546428
         140    0.546436
         141    0.546435
         142    0.546435
         143     0.54643
         144    0.546434
         145    0.546432
         146    0.546437
         147    0.546428
         148    0.546449
         149    0.546438
         150    0.546448
         151    0.546463
         152    0.546466
         153    0.546474
         154    0.546471
         155     0.54647
         156    0.546465
         157    0.546455
         158    0.546479
         159    0.546471
         160    0.546467
         161    0.546459
         162    0.546459
         163    0.546454
         164    0.546434
         165    0.546446
         166    0.546445
         167    0.546464
         168    0.546453
         169    0.546441
         170    0.546443
         171    0.546448
         172    0.546445
         173    0.546462
         174    0.546473
         175    0.546461
         176    0.546443
         177    0.546443
         178    0.546463
         179    0.546454
         180    0.546441
         181    0.546451
         182    0.546467
         183    0.546452
         184    0.546446
         185    0.546428
         186    0.546436
         187    0.546442
         188    0.546438
         189    0.546429
         190    0.546425
         191    0.546424
         192    0.546418
         193    0.546409
         194    0.546393
         195    0.546396
         196    0.546394
         197    0.546399
         198    0.546409
         199    0.546409
         200    0.546409
         201    0.546411
         202    0.546418
         203    0.546411
         204    0.546402
         205    0.546396
         206    0.546384
         207    0.546391
         208    0.546396
         209    0.546398
         210    0.546389
         211    0.546388
         212    0.546377
         213    0.546364
         214    0.546357
         215    0.546336
         216    0.546344
         217    0.546356
         218    0.546359
         219    0.546361
         220     0.54636
         221    0.546356
         222    0.546355
         223    0.546353
         224    0.546348
         225    0.546351
         226    0.546345
         227     0.54633
         228     0.54633
         229    0.546328
         230     0.54634
         231    0.546341
         232    0.546331
         233    0.546329
         234    0.546324
         235    0.546321
         236    0.546329
         237    0.546337
         238    0.546341
         239    0.546338
         240    0.546346
         241    0.546335
         242    0.546328
         243    0.546334
         244    0.546337
         245    0.546334
         246    0.546342
         247    0.546331
         248    0.546336
         249    0.546338
         250    0.546336
         251    0.546328
         252    0.546319
         253    0.546316
         254     0.54632
         255    0.546323
         256    0.546325
         257    0.546322
         258     0.54632
         259    0.546321
         260    0.546313
         261    0.546303
         262    0.546297
         263    0.546304
         264    0.546309
         265    0.546304
         266      0.5463
         267    0.546296
         268    0.546303
         269    0.546299
         270    0.546298
         271    0.546293
         272    0.546293
         273    0.546283
         274    0.546279
         275    0.546276
         276    0.546281
         277    0.546291
         278    0.546293
         279    0.546284
         280    0.546287
         281    0.546285
         282    0.546283
         283    0.546281
         284    0.546287
         285    0.546286
         286    0.546273
         287    0.546272
         288    0.546283
         289    0.546291
         290    0.546296
         291    0.546294
         292    0.546288
         293    0.546282
         294    0.546278
         295     0.54628
         296    0.546273
         297    0.546273
         298     0.54627
         299    0.546265
         300    0.546259
         301    0.546251
         302    0.546236
         303    0.546243
         304    0.546241
         305     0.54624
         306    0.546241
         307    0.546246
         308    0.546253
         309    0.546261
         310    0.546266
         311    0.546257
         312    0.546257
         313    0.546257
         314    0.546253
         315     0.54625
         316    0.546249
         317    0.546245
         318    0.546242
         319    0.546254
         320    0.546249
         321    0.546254
         322    0.546256
         323    0.546251
         324    0.546253
         325    0.546254
         326    0.546255
         327    0.546259
         328    0.546263
         329    0.546266
         330    0.546271
         331    0.546269
         332    0.546267
         333    0.546272
         334    0.546276
         335    0.546279
         336    0.546289
         337    0.546289
         338    0.546287
         339    0.546292
         340    0.546294
         341    0.546294
         342    0.546294
         343    0.546297
         344    0.546296
         345    0.546296
         346    0.546297
         347    0.546304
         348    0.546299
         349    0.546293
         350    0.546288
         351    0.546293
         352    0.546287
         353    0.546292
         354    0.546288
         355    0.546292
         356    0.546287
         357    0.546287
         358    0.546288
         359     0.54629
         360    0.546296
         361    0.546293
         362    0.546299
         363    0.546303
         364    0.546303
         365      0.5463
         366    0.546302
         367    0.546298
         368      0.5463
         369    0.546304
         370    0.546299
         371    0.546301
         372     0.54631
         373    0.546304
         374    0.546303
         375    0.546306
         376    0.546308
         377    0.546302
         378    0.546306
         379    0.546306
         380    0.546307
         381    0.546307
         382    0.546306
         383    0.546305
         384    0.546304
         385      0.5463
         386    0.546309
         387      0.5463
         388      0.5463
         389    0.546297
         390    0.546297
         391      0.5463
         392    0.546297
         393    0.546294
         394    0.546292
         395    0.546293
         396    0.546293
         397    0.546298
         398    0.546298
         399    0.546301
         400    0.546296
         401    0.546302
         402    0.546303
         403    0.546306
         404    0.546299
         405      0.5463
         406    0.546296
         407    0.546292
         408    0.546297
         409      0.5463
         410    0.546295
         411    0.546297
         412    0.546297
         413    0.546294
         414    0.546301
         415    0.546302
         416    0.546297
         417    0.546299
         418    0.546292
         419    0.546292
         420    0.546286
         421    0.546287
         422    0.546294
         423     0.54629
         424     0.54629
         425    0.546293
         426    0.546294
         427    0.546294
         428    0.546299
         429     0.54629
         430     0.54629
         431    0.546296
         432    0.546293
         433      0.5463
         434    0.546296
         435    0.546295
         436    0.546287
         437    0.546287
         438    0.546287
         439    0.546284
         440    0.546285
         441     0.54628
         442    0.546281
         443    0.546278
         444    0.546281
         445    0.546278
         446     0.54628
         447    0.546273
         448    0.546272
         449    0.546267
         450    0.546261
         451    0.546261
         452    0.546262
         453    0.546263
         454    0.546266
         455    0.546267
         456    0.546267
         457    0.546268
         458    0.546262
         459    0.546259
         460    0.546262
         461     0.54626
         462    0.546257
         463    0.546255
         464    0.546254
         465    0.546251
         466    0.546248
         467    0.546246
         468    0.546242
         469    0.546236
         470     0.54624
         471    0.546238
         472    0.546236
         473    0.546237
         474    0.546236
         475    0.546243
         476    0.546242
         477    0.546242
         478    0.546242
         479    0.546238
         480    0.546238
         481    0.546245
         482    0.546247
         483    0.546242
         484    0.546242
         485    0.546245
         486    0.546242
         487    0.546245
         488     0.54624
         489    0.546237
         490    0.546248
         491    0.546243
         492    0.546245
         493    0.546242
         494    0.546246
         495    0.546249
         496    0.546248
         497    0.546251
         498    0.546249
         499    0.546245
         500    0.546247
