#     BLOCK:   ACTUAL_KE:    KE_AVE:      ERROR:
           1         1.2         1.2           0
           2         1.2         1.2           0
           3         1.2         1.2           0
           4         1.2         1.2           0
           5         1.2         1.2           0
           6         1.2         1.2           0
           7         1.2         1.2           0
           8         1.2         1.2           0
           9         1.2         1.2           0
          10         1.2         1.2           0
          11         1.2         1.2           0
          12         1.2         1.2           0
          13         1.2         1.2           0
          14         1.2         1.2           0
          15         1.2         1.2 5.44113e-09
          16         1.2         1.2 5.26836e-09
          17         1.2         1.2 5.11106e-09
          18         1.2         1.2 7.02447e-09
          19         1.2         1.2 6.83712e-09
          20         1.2         1.2   6.664e-09
          21         1.2         1.2  6.5034e-09
          22         1.2         1.2 8.40539e-09
          23         1.2         1.2 8.22063e-09
          24         1.2         1.2 8.04755e-09
          25         1.2         1.2 7.88495e-09
          26         1.2         1.2 7.73183e-09
          27         1.2         1.2  7.5873e-09
          28         1.2         1.2 8.44816e-09
          29         1.2         1.2 8.30123e-09
          30         1.2         1.2  8.1617e-09
          31         1.2         1.2 8.02898e-09
          32         1.2         1.2 7.90253e-09
          33         1.2         1.2 7.78188e-09
          34         1.2         1.2 7.66658e-09
          35         1.2         1.2 7.55627e-09
          36         1.2         1.2 7.45058e-09
          37         1.2         1.2 7.34921e-09
          38         1.2         1.2 7.25186e-09
          39         1.2         1.2 8.26568e-09
          40         1.2         1.2  8.1617e-09
          41         1.2         1.2 8.06155e-09
          42         1.2         1.2 7.96501e-09
          43         1.2         1.2 7.87184e-09
          44         1.2         1.2 7.78188e-09
          45         1.2         1.2 7.69493e-09
          46         1.2         1.2 7.61083e-09
          47         1.2         1.2 7.52942e-09
          48         1.2         1.2 7.45058e-09
          49         1.2         1.2 7.37416e-09
          50         1.2         1.2 7.30005e-09
          51         1.2         1.2 7.22812e-09
          52         1.2         1.2 7.15829e-09
          53         1.2         1.2 7.09043e-09
          54         1.2         1.2 7.02447e-09
          55         1.2         1.2 6.02782e-09
          56         1.2         1.2 5.97375e-09
          57         1.2         1.2 5.22194e-09
          58         1.2         1.2 5.17673e-09
          59         1.2         1.2 3.87993e-09
          60         1.2         1.2 3.84746e-09
          61         1.2         1.2 2.69818e-09
          62         1.2         1.2 2.67633e-09
          63         1.2         1.2           0
          64         1.2         1.2           0
          65         1.2         1.2           0
          66         1.2         1.2 3.17694e-09
          67         1.2         1.2 3.15314e-09
          68         1.2         1.2 3.12987e-09
          69         1.2         1.2 4.01126e-09
          70         1.2         1.2  3.9825e-09
          71         1.2         1.2 3.95436e-09
          72         1.2         1.2 4.96705e-09
          73         1.2         1.2 4.93292e-09
          74         1.2         1.2 4.89947e-09
          75         1.2         1.2 5.44113e-09
          76         1.2         1.2 5.40522e-09
          77         1.2         1.2 5.37001e-09
          78         1.2         1.2 5.33547e-09
          79         1.2         1.2 5.80761e-09
          80         1.2         1.2 5.77119e-09
          81         1.2         1.2 5.73546e-09
          82         1.2         1.2 5.70038e-09
          83         1.2         1.2 6.33471e-09
          84         1.2         1.2 6.29689e-09
          85         1.2         1.2 6.25974e-09
          86         1.2         1.2 6.22324e-09
          87         1.2         1.2 6.58696e-09
          88         1.2         1.2 6.54943e-09
          89         1.2         1.2 6.51253e-09
          90         1.2         1.2 6.47625e-09
          91         1.2         1.2 6.44056e-09
          92         1.2         1.2  6.9477e-09
          93         1.2         1.2 6.91025e-09
          94         1.2         1.2 6.87339e-09
          95         1.2         1.2 6.83712e-09
          96         1.2         1.2 6.80142e-09
          97         1.2         1.2 7.09652e-09
          98         1.2         1.2 7.06022e-09
          99         1.2         1.2 7.02447e-09
         100         1.2         1.2 6.98926e-09
         101         1.2         1.2 6.95458e-09
         102         1.2         1.2  6.9204e-09
         103         1.2         1.2 6.88673e-09
         104         1.2         1.2 7.15829e-09
         105         1.2         1.2 7.12412e-09
         106         1.2         1.2 7.09043e-09
         107         1.2         1.2 6.75678e-09
         108         1.2         1.2 7.02447e-09
         109         1.2         1.2 6.99218e-09
         110         1.2         1.2 6.96032e-09
         111         1.2         1.2  6.9289e-09
         112         1.2         1.2  6.8979e-09
         113         1.2         1.2 6.86731e-09
         114         1.2         1.2 6.83712e-09
         115         1.2         1.2 7.22026e-09
         116         1.2         1.2 7.18907e-09
         117         1.2         1.2 7.15829e-09
         118         1.2         1.2 7.12789e-09
         119         1.2         1.2 7.09788e-09
         120         1.2         1.2 7.06824e-09
         121         1.2         1.2 7.03897e-09
         122         1.2         1.2 7.01007e-09
         123         1.2         1.2 6.98151e-09
         124         1.2         1.2 7.20623e-09
         125         1.2         1.2 7.17735e-09
         126         1.2         1.2 7.14881e-09
         127         1.2         1.2 7.12061e-09
         128         1.2         1.2 7.09274e-09
         129         1.2         1.2  7.0652e-09
         130         1.2         1.2 7.03797e-09
         131         1.2         1.2 7.01106e-09
         132         1.2         1.2 6.98445e-09
         133         1.2         1.2 6.95814e-09
         134         1.2         1.2 7.28187e-09
         135         1.2         1.2 7.25485e-09
         136         1.2         1.2 7.22812e-09
         137         1.2         1.2  7.2017e-09
         138         1.2         1.2 7.17556e-09
         139         1.2         1.2  7.1497e-09
         140         1.2         1.2 7.12412e-09
         141         1.2         1.2 7.09881e-09
         142         1.2         1.2 7.07377e-09
         143         1.2         1.2 7.04899e-09
         144         1.2         1.2 7.02447e-09
         145         1.2         1.2 7.21565e-09
         146         1.2         1.2  7.1909e-09
         147         1.2         1.2  7.1664e-09
         148         1.2         1.2 7.14215e-09
         149         1.2         1.2 7.11814e-09
         150         1.2         1.2 7.09437e-09
         151         1.2         1.2 7.07084e-09
         152         1.2         1.2 7.04754e-09
         153         1.2         1.2 7.02447e-09
         154         1.2         1.2 7.00163e-09
         155         1.2         1.2 6.97901e-09
         156         1.2         1.2  6.9566e-09
         157         1.2         1.2 6.93441e-09
         158         1.2         1.2 6.91243e-09
         159         1.2         1.2 7.09043e-09
         160         1.2         1.2 7.06824e-09
         161         1.2         1.2 7.04626e-09
         162         1.2         1.2 7.02447e-09
         163         1.2         1.2 7.00289e-09
         164         1.2         1.2 6.98151e-09
         165         1.2         1.2 6.96032e-09
         166         1.2         1.2 6.93933e-09
         167         1.2         1.2 6.91852e-09
         168         1.2         1.2  6.8979e-09
         169         1.2         1.2 6.87746e-09
         170         1.2         1.2  6.8572e-09
         171         1.2         1.2 6.83712e-09
         172         1.2         1.2 6.81722e-09
         173         1.2         1.2 6.79749e-09
         174         1.2         1.2 6.77792e-09
         175         1.2         1.2 6.75853e-09
         176         1.2         1.2 7.01449e-09
         177         1.2         1.2 6.99465e-09
         178         1.2         1.2 6.97497e-09
         179         1.2         1.2 6.95546e-09
         180         1.2         1.2 6.93611e-09
         181         1.2         1.2 6.91693e-09
         182         1.2         1.2  6.8979e-09
         183         1.2         1.2 6.87902e-09
         184         1.2         1.2 6.86031e-09
         185         1.2         1.2 6.84174e-09
         186         1.2         1.2 6.82332e-09
         187         1.2         1.2 6.80505e-09
         188         1.2         1.2 6.78693e-09
         189         1.2         1.2 6.76895e-09
         190         1.2         1.2 6.75112e-09
         191         1.2         1.2 6.73342e-09
         192         1.2         1.2 6.71586e-09
         193         1.2         1.2 6.69844e-09
         194         1.2         1.2 6.68116e-09
         195         1.2         1.2   6.664e-09
         196         1.2         1.2 6.81528e-09
         197         1.2         1.2 6.79797e-09
         198         1.2         1.2 6.78078e-09
         199         1.2         1.2 6.76372e-09
         200         1.2         1.2 6.74679e-09
         201         1.2         1.2 6.72998e-09
         202         1.2         1.2  6.7133e-09
         203         1.2         1.2 6.69675e-09
         204         1.2         1.2 6.68032e-09
         205         1.2         1.2   6.664e-09
         206         1.2         1.2 6.64781e-09
         207         1.2         1.2 6.63173e-09
         208         1.2         1.2 6.61577e-09
         209         1.2         1.2 6.59992e-09
         210         1.2         1.2 6.58419e-09
         211         1.2         1.2 6.56857e-09
         212         1.2         1.2 6.55306e-09
         213         1.2         1.2 6.53766e-09
         214         1.2         1.2 6.52237e-09
         215         1.2         1.2 6.34648e-09
         216         1.2         1.2 6.33178e-09
         217         1.2         1.2 6.06934e-09
         218         1.2         1.2 5.88479e-09
         219         1.2         1.2 5.87134e-09
         220         1.2         1.2 5.68308e-09
         221         1.2         1.2 5.67021e-09
         222         1.2         1.2 5.38571e-09
         223         1.2         1.2 5.37362e-09
         224         1.2         1.2 5.17342e-09
         225         1.2         1.2 5.16191e-09
         226         1.2         1.2 4.85592e-09
         227         1.2         1.2 4.84521e-09
         228         1.2         1.2 4.62875e-09
         229         1.2         1.2 4.61864e-09
         230         1.2         1.2 4.39411e-09
         231         1.2         1.2 4.38459e-09
         232         1.2         1.2 4.03367e-09
         233         1.2         1.2 4.02501e-09
         234         1.2         1.2 3.77275e-09
         235         1.2         1.2 3.76471e-09
         236         1.2         1.2 3.36012e-09
         237         1.2         1.2 3.35302e-09
         238         1.2         1.2 3.34597e-09
         239         1.2         1.2 3.04804e-09
         240         1.2         1.2 3.04169e-09
         241         1.2         1.2 2.71492e-09
         242         1.2         1.2  2.7093e-09
         243         1.2         1.2 2.13748e-09
         244         1.2         1.2  2.1331e-09
         245         1.2         1.2 1.64891e-09
         246         1.2         1.2 1.64556e-09
         247         1.2         1.2 1.64222e-09
         248         1.2         1.2           0
         249         1.2         1.2           0
         250         1.2         1.2  1.3328e-09
         251         1.2         1.2 1.33014e-09
         252         1.2         1.2  1.3275e-09
         253         1.2         1.2 1.87366e-09
         254         1.2         1.2 1.86996e-09
         255         1.2         1.2 2.46887e-09
         256         1.2         1.2 2.46405e-09
         257         1.2         1.2 2.45925e-09
         258         1.2         1.2 2.78312e-09
         259         1.2         1.2 2.77774e-09
         260         1.2         1.2 3.20128e-09
         261         1.2         1.2 3.19514e-09
         262         1.2         1.2 3.18904e-09
         263         1.2         1.2   3.438e-09
         264         1.2         1.2 3.43149e-09
         265         1.2         1.2   3.425e-09
         266         1.2         1.2  3.6546e-09
         267         1.2         1.2 3.64775e-09
         268         1.2         1.2 3.64093e-09
         269         1.2         1.2 3.96023e-09
         270         1.2         1.2 3.95289e-09
         271         1.2         1.2 4.14806e-09
         272         1.2         1.2 4.14043e-09
         273         1.2         1.2 4.13284e-09
         274         1.2         1.2 4.41012e-09
         275         1.2         1.2 4.40209e-09
         276         1.2         1.2 4.39411e-09
         277         1.2         1.2 4.56527e-09
         278         1.2         1.2 4.55706e-09
         279         1.2         1.2 4.54888e-09
         280         1.2         1.2 4.71216e-09
         281         1.2         1.2 4.70377e-09
         282         1.2         1.2 4.69542e-09
         283         1.2         1.2 4.93183e-09
         284         1.2         1.2 4.92314e-09
         285         1.2         1.2 4.91449e-09
         286         1.2         1.2 4.90589e-09
         287         1.2         1.2 5.05285e-09
         288         1.2         1.2 5.04407e-09
         289         1.2         1.2 5.03533e-09
         290         1.2         1.2 5.25016e-09
         291         1.2         1.2 5.24113e-09
         292         1.2         1.2 5.23215e-09
         293         1.2         1.2 5.36634e-09
         294         1.2         1.2  5.3572e-09
         295         1.2         1.2 5.34812e-09
         296         1.2         1.2 5.47778e-09
         297         1.2         1.2 5.46855e-09
         298         1.2         1.2 5.45936e-09
         299         1.2         1.2 5.45023e-09
         300         1.2         1.2 5.64149e-09
         301         1.2         1.2 5.63211e-09
         302         1.2         1.2 5.62278e-09
         303         1.2         1.2 5.74255e-09
         304         1.2         1.2  5.7331e-09
         305         1.2         1.2 5.72369e-09
         306         1.2         1.2 5.71433e-09
         307         1.2         1.2 5.89212e-09
         308         1.2         1.2 5.88255e-09
         309         1.2         1.2 5.87302e-09
         310         1.2         1.2 5.86354e-09
         311         1.2         1.2 5.97482e-09
         312         1.2         1.2 5.96524e-09
         313         1.2         1.2  5.9557e-09
         314         1.2         1.2 5.94621e-09
         315         1.2         1.2 6.05434e-09
         316         1.2         1.2 6.04475e-09
         317         1.2         1.2 6.03521e-09
         318         1.2         1.2 6.02571e-09
         319         1.2         1.2 6.18737e-09
         320         1.2         1.2  6.1777e-09
         321         1.2         1.2 6.16806e-09
         322         1.2         1.2 6.15848e-09
         323         1.2         1.2 6.25974e-09
         324         1.2         1.2 6.25007e-09
         325         1.2         1.2 6.24045e-09
         326         1.2         1.2 6.23087e-09
         327         1.2         1.2 6.38296e-09
         328         1.2         1.2 6.37322e-09
         329         1.2         1.2 6.36353e-09
         330         1.2         1.2 6.35388e-09
         331         1.2         1.2 6.44914e-09
         332         1.2         1.2 6.43942e-09
         333         1.2         1.2 6.42975e-09
         334         1.2         1.2 6.42011e-09
         335         1.2         1.2  6.5131e-09
         336         1.2         1.2  6.5034e-09
         337         1.2         1.2 6.49374e-09
         338         1.2         1.2 6.48413e-09
         339         1.2         1.2 6.47456e-09
         340         1.2         1.2 6.61482e-09
         341         1.2         1.2 6.60511e-09
         342         1.2         1.2 6.59545e-09
         343         1.2         1.2 6.58583e-09
         344         1.2         1.2 6.67368e-09
         345         1.2         1.2   6.664e-09
         346         1.2         1.2 6.65436e-09
         347         1.2         1.2 6.64477e-09
         348         1.2         1.2 6.63522e-09
         349         1.2         1.2 6.76821e-09
         350         1.2         1.2 6.75853e-09
         351         1.2         1.2  6.7489e-09
         352         1.2         1.2  6.7393e-09
         353         1.2         1.2 6.72975e-09
         354         1.2         1.2 6.81294e-09
         355         1.2         1.2 6.80333e-09
         356         1.2         1.2 6.79377e-09
         357         1.2         1.2 6.78425e-09
         358         1.2         1.2 6.77477e-09
         359         1.2         1.2 6.85614e-09
         360         1.2         1.2 6.84661e-09
         361         1.2         1.2 6.83712e-09
         362         1.2         1.2 6.82767e-09
         363         1.2         1.2 6.81826e-09
         364         1.2         1.2 6.94197e-09
         365         1.2         1.2 6.93246e-09
         366         1.2         1.2 6.92298e-09
         367         1.2         1.2 6.91354e-09
         368         1.2         1.2 6.90414e-09
         369         1.2         1.2 6.98151e-09
         370         1.2         1.2 6.97207e-09
         371         1.2         1.2 6.96267e-09
         372         1.2         1.2  6.9533e-09
         373         1.2         1.2 6.94398e-09
         374         1.2         1.2 7.06194e-09
         375         1.2         1.2 7.05252e-09
         376         1.2         1.2 7.04313e-09
         377         1.2         1.2 7.03378e-09
         378         1.2         1.2 7.02447e-09
         379         1.2         1.2  7.0152e-09
         380         1.2         1.2 7.08888e-09
         381         1.2         1.2 7.07957e-09
         382         1.2         1.2  7.0703e-09
         383         1.2         1.2 7.06106e-09
         384         1.2         1.2 7.05186e-09
         385         1.2         1.2 7.12412e-09
         386         1.2         1.2 7.11488e-09
         387         1.2         1.2 7.10569e-09
         388         1.2         1.2 7.09652e-09
         389         1.2         1.2  7.0874e-09
         390         1.2         1.2  7.0783e-09
         391         1.2         1.2 7.18873e-09
         392         1.2         1.2 7.17956e-09
         393         1.2         1.2 7.17042e-09
         394         1.2         1.2 7.16131e-09
         395         1.2         1.2 7.15224e-09
         396         1.2         1.2 7.14321e-09
         397         1.2         1.2 7.21218e-09
         398         1.2         1.2 7.20311e-09
         399         1.2         1.2 7.19408e-09
         400         1.2         1.2 7.18508e-09
         401         1.2         1.2 7.17612e-09
         402         1.2         1.2 7.16718e-09
         403         1.2         1.2 7.15829e-09
         404         1.2         1.2 7.26382e-09
         405         1.2         1.2 7.25485e-09
         406         1.2         1.2 7.24591e-09
         407         1.2         1.2   7.237e-09
         408         1.2         1.2 7.22812e-09
         409         1.2         1.2 7.21928e-09
         410         1.2         1.2  7.2852e-09
         411         1.2         1.2 7.27633e-09
         412         1.2         1.2 7.26749e-09
         413         1.2         1.2 7.25869e-09
         414         1.2         1.2 7.24992e-09
         415         1.2         1.2 7.24118e-09
         416         1.2         1.2 7.23247e-09
         417         1.2         1.2 7.29713e-09
         418         1.2         1.2  7.2884e-09
         419         1.2         1.2 7.27969e-09
         420         1.2         1.2 7.27102e-09
         421         1.2         1.2 7.26238e-09
         422         1.2         1.2 7.25377e-09
         423         1.2         1.2 7.24519e-09
         424         1.2         1.2 7.34439e-09
         425         1.2         1.2 7.33575e-09
         426         1.2         1.2 7.32713e-09
         427         1.2         1.2 7.31855e-09
         428         1.2         1.2 7.30999e-09
         429         1.2         1.2 7.30147e-09
         430         1.2         1.2 7.29297e-09
         431         1.2         1.2 7.35489e-09
         432         1.2         1.2 7.34637e-09
         433         1.2         1.2 7.33788e-09
         434         1.2         1.2 7.32942e-09
         435         1.2         1.2   7.321e-09
         436         1.2         1.2 7.31259e-09
         437         1.2         1.2 7.30422e-09
         438         1.2         1.2 7.39937e-09
         439         1.2         1.2 7.39094e-09
         440         1.2         1.2 7.38254e-09
         441         1.2         1.2 7.37416e-09
         442         1.2         1.2 7.36582e-09
         443         1.2         1.2  7.3575e-09
         444         1.2         1.2 7.34921e-09
         445         1.2         1.2 7.34095e-09
         446         1.2         1.2 7.40029e-09
         447         1.2         1.2 7.39201e-09
         448         1.2         1.2 7.38376e-09
         449         1.2         1.2 7.37553e-09
         450         1.2         1.2 7.36733e-09
         451         1.2         1.2 7.35916e-09
         452         1.2         1.2 7.35101e-09
         453         1.2         1.2  7.3429e-09
         454         1.2         1.2 7.40118e-09
         455         1.2         1.2 7.39305e-09
         456         1.2         1.2 7.38494e-09
         457         1.2         1.2 7.37685e-09
         458         1.2         1.2 7.36879e-09
         459         1.2         1.2 7.36076e-09
         460         1.2         1.2 7.35276e-09
         461         1.2         1.2 7.34478e-09
         462         1.2         1.2 7.43444e-09
         463         1.2         1.2  7.4264e-09
         464         1.2         1.2  7.4184e-09
         465         1.2         1.2 7.41042e-09
         466         1.2         1.2 7.40246e-09
         467         1.2         1.2 7.39453e-09
         468         1.2         1.2 7.38663e-09
         469         1.2         1.2 7.37875e-09
         470         1.2         1.2 7.43471e-09
         471         1.2         1.2 7.42681e-09
         472         1.2         1.2 7.41894e-09
         473         1.2         1.2  7.4111e-09
         474         1.2         1.2 7.40327e-09
         475         1.2         1.2 7.39548e-09
         476         1.2         1.2 7.38771e-09
         477         1.2         1.2 7.37996e-09
         478         1.2         1.2 7.37223e-09
         479         1.2         1.2 7.45835e-09
         480         1.2         1.2 7.45058e-09
         481         1.2         1.2 7.44283e-09
         482         1.2         1.2 7.43511e-09
         483         1.2         1.2 7.42741e-09
         484         1.2         1.2 7.41973e-09
         485         1.2         1.2 7.41208e-09
         486         1.2         1.2 7.40445e-09
         487         1.2         1.2 7.39684e-09
         488         1.2         1.2 7.45058e-09
         489         1.2         1.2 7.44296e-09
         490         1.2         1.2 7.43536e-09
         491         1.2         1.2 7.42778e-09
         492         1.2         1.2 7.42023e-09
         493         1.2         1.2  7.4127e-09
         494         1.2         1.2  7.4052e-09
         495         1.2         1.2 7.39771e-09
         496         1.2         1.2 7.39025e-09
         497         1.2         1.2 7.38281e-09
         498         1.2         1.2  7.4356e-09
         499         1.2         1.2 7.42815e-09
         500         1.2         1.2 7.42072e-09
