#     BLOCK:  ACTUAL_PE:     PE_AVE:      ERROR:
           1    -12.4102    -12.4102           0
           2    -12.4004    -12.4053  0.00346476
           3    -12.3713     -12.394  0.00955746
           4    -12.4319    -12.4035   0.0109044
           5    -12.3818    -12.3991  0.00954911
           6    -12.4079    -12.4006  0.00806754
           7    -12.3923    -12.3994  0.00700072
           8    -12.4141    -12.4012  0.00636302
           9    -12.3912    -12.4001  0.00575385
          10    -12.4035    -12.4005  0.00518807
          11    -12.4151    -12.4018  0.00488327
          12    -12.4166     -12.403  0.00462908
          13    -12.4253    -12.4047  0.00457859
          14    -12.4003    -12.4044  0.00426265
          15    -12.4034    -12.4043  0.00397905
          16    -12.3855    -12.4032  0.00390129
          17    -12.4062    -12.4033  0.00367594
          18    -12.4008    -12.4032  0.00347451
          19    -12.4083    -12.4035  0.00330189
          20     -12.409    -12.4037  0.00314838
          21    -12.4087     -12.404  0.00300717
          22    -12.4072    -12.4041  0.00287413
          23    -12.4254    -12.4051   0.0028944
          24     -12.394    -12.4046  0.00280999
          25    -12.4099    -12.4048  0.00270567
          26    -12.3941    -12.4044  0.00263279
          27    -12.3971    -12.4041  0.00254903
          28    -12.4146    -12.4045  0.00248522
          29    -12.4005    -12.4044  0.00240343
          30    -12.4086    -12.4045  0.00232739
          31    -12.4108    -12.4047   0.0022611
          32    -12.4264    -12.4054  0.00228954
          33    -12.3997    -12.4052  0.00222655
          34    -12.4389    -12.4062  0.00237105
          35    -12.3971    -12.4059  0.00231764
          36    -12.3966    -12.4057  0.00226763
          37    -12.3891    -12.4052   0.0022504
          38    -12.4117    -12.4054  0.00219755
          39    -12.4032    -12.4053   0.0021419
          40    -12.4239    -12.4058  0.00213821
          41    -12.4153     -12.406  0.00209866
          42    -12.4035     -12.406  0.00204959
          43    -12.3984    -12.4058  0.00200951
          44    -12.4198    -12.4061  0.00198872
          45    -12.4117    -12.4062   0.0019484
          46    -12.4004    -12.4061  0.00191012
          47    -12.3808    -12.4056  0.00194393
          48    -12.4225    -12.4059  0.00193502
          49    -12.4085     -12.406  0.00189625
          50    -12.4172    -12.4062  0.00187159
          51    -12.4041    -12.4062  0.00183534
          52    -12.3944    -12.4059  0.00181401
          53    -12.4041    -12.4059  0.00178011
          54    -12.4071    -12.4059  0.00174729
          55    -12.3983    -12.4058  0.00172099
          56     -12.404    -12.4058  0.00169054
          57    -12.3998    -12.4057  0.00166409
          58    -12.3982    -12.4055  0.00164037
          59    -12.3731     -12.405  0.00170239
          60    -12.4178    -12.4052  0.00168737
          61    -12.4136    -12.4053  0.00166533
          62    -12.4147    -12.4055  0.00164534
          63    -12.4161    -12.4056  0.00162786
          64     -12.413    -12.4058   0.0016065
          65    -12.3954    -12.4056  0.00158966
          66    -12.4027    -12.4056  0.00156618
          67    -12.4307    -12.4059  0.00158722
          68    -12.4001    -12.4058   0.0015662
          69    -12.3979    -12.4057   0.0015477
          70    -12.3984    -12.4056  0.00152917
          71    -12.4097    -12.4057   0.0015087
          72    -12.4205    -12.4059  0.00150169
          73    -12.4118     -12.406  0.00148332
          74    -12.4223    -12.4062  0.00147958
          75    -12.3817    -12.4059  0.00149543
          76    -12.3956    -12.4057  0.00148183
          77    -12.3946    -12.4056  0.00146966
          78    -12.4143    -12.4057  0.00145507
          79    -12.4235    -12.4059  0.00145405
          80     -12.409     -12.406  0.00143639
          81    -12.4339    -12.4063  0.00145944
          82     -12.418    -12.4065  0.00144853
          83    -12.3821    -12.4062  0.00146043
          84    -12.4136    -12.4062  0.00144572
          85    -12.3962    -12.4061  0.00143352
          86    -12.4071    -12.4061  0.00141689
          87    -12.4051    -12.4061  0.00140065
          88    -12.4181    -12.4063  0.00139129
          89    -12.4099    -12.4063  0.00137627
          90    -12.3962    -12.4062  0.00136551
          91    -12.4043    -12.4062  0.00135067
          92    -12.4223    -12.4063  0.00134726
          93    -12.3896    -12.4062  0.00134474
          94     -12.412    -12.4062  0.00133187
          95    -12.4296    -12.4065  0.00134038
          96    -12.4104    -12.4065  0.00132702
          97    -12.4048    -12.4065  0.00131345
          98    -12.3858    -12.4063   0.0013169
          99    -12.3846    -12.4061  0.00132162
         100     -12.406    -12.4061  0.00130841
         101    -12.4228    -12.4062  0.00130589
         102    -12.4023    -12.4062  0.00129366
         103    -12.4159    -12.4063  0.00128455
         104    -12.4047    -12.4063  0.00127228
         105    -12.4072    -12.4063   0.0012602
         106     -12.398    -12.4062  0.00125073
         107    -12.4264    -12.4064  0.00125314
         108    -12.3965    -12.4063  0.00124491
         109    -12.3921    -12.4062  0.00124031
         110    -12.4002    -12.4061   0.0012302
         111    -12.4248    -12.4063  0.00123058
         112    -12.4184    -12.4064  0.00122436
         113    -12.3921    -12.4063  0.00122005
         114    -12.4226    -12.4064   0.0012177
         115     -12.409    -12.4064  0.00120732
         116    -12.3997    -12.4064  0.00119831
         117    -12.4374    -12.4066  0.00121714
         118    -12.4027    -12.4066  0.00120729
         119    -12.3927    -12.4065  0.00120276
         120     -12.409    -12.4065  0.00119291
         121    -12.4105    -12.4065  0.00118351
         122    -12.4081    -12.4066  0.00117387
         123    -12.4025    -12.4065  0.00116479
         124    -12.4065    -12.4065   0.0011554
         125    -12.3844    -12.4063  0.00115968
         126    -12.4229    -12.4065  0.00115788
         127    -12.4206    -12.4066   0.0011541
         128    -12.4294    -12.4068  0.00115882
         129    -12.4018    -12.4067  0.00115049
         130    -12.3831    -12.4065  0.00115595
         131    -12.3936    -12.4064  0.00115133
         132    -12.4077    -12.4065  0.00114265
         133    -12.4112    -12.4065  0.00113461
         134    -12.3906    -12.4064  0.00113231
         135    -12.4135    -12.4064  0.00112515
         136    -12.4063    -12.4064  0.00111688
         137    -12.4176    -12.4065  0.00111173
         138    -12.4031    -12.4065  0.00110394
         139    -12.4099    -12.4065  0.00109627
         140     -12.404    -12.4065  0.00108858
         141    -12.4152    -12.4066  0.00108261
         142    -12.4149    -12.4066  0.00107659
         143    -12.3839    -12.4065  0.00108076
         144    -12.4124    -12.4065  0.00107404
         145    -12.4091    -12.4065  0.00106678
         146    -12.4103    -12.4065  0.00105979
         147    -12.4161    -12.4066   0.0010546
         148    -12.4391    -12.4068  0.00107005
         149    -12.3956    -12.4067   0.0010655
         150    -12.4182    -12.4068  0.00106112
         151    -12.4201    -12.4069  0.00105775
         152     -12.409    -12.4069  0.00105088
         153    -12.4159     -12.407  0.00104565
         154    -12.4029     -12.407   0.0010392
         155    -12.4122     -12.407  0.00103305
         156    -12.4041     -12.407  0.00102659
         157    -12.4063     -12.407  0.00102006
         158    -12.4184     -12.407  0.00101618
         159    -12.4014     -12.407  0.00101041
         160    -12.3794    -12.4068  0.00101873
         161    -12.4228    -12.4069  0.00101724
         162    -12.4065    -12.4069  0.00101097
         163    -12.3864    -12.4068  0.00101261
         164    -12.4053    -12.4068  0.00100648
         165    -12.4116    -12.4068   0.0010008
         166    -12.4154    -12.4069 0.000996118
         167     -12.431     -12.407  0.00100056
         168    -12.3907    -12.4069 0.000999289
         169    -12.4046    -12.4069 0.000993473
         170    -12.4097    -12.4069 0.000987764
         171    -12.4327    -12.4071 0.000993407
         172    -12.3928     -12.407 0.000991087
         173    -12.4176    -12.4071 0.000987249
         174    -12.4096    -12.4071 0.000981684
         175     -12.383    -12.4069  0.00098567
         176    -12.3984    -12.4069 0.000981258
         177    -12.3942    -12.4068 0.000978325
         178    -12.4141    -12.4069 0.000973687
         179     -12.394    -12.4068 0.000970887
         180    -12.3971    -12.4067 0.000966993
         181    -12.4349    -12.4069 0.000974064
         182    -12.4205     -12.407 0.000971582
         183    -12.3806    -12.4068 0.000976876
         184    -12.4077    -12.4068 0.000971578
         185    -12.3906    -12.4067 0.000970284
         186    -12.3955    -12.4067 0.000966944
         187    -12.3829    -12.4065 0.000970124
         188    -12.4026    -12.4065 0.000965196
         189    -12.4098    -12.4065 0.000960248
         190    -12.4043    -12.4065 0.000955267
         191     -12.391    -12.4064 0.000953713
         192    -12.4116    -12.4065 0.000949126
         193    -12.3894    -12.4064 0.000948302
         194    -12.4211    -12.4065 0.000946431
         195    -12.3993    -12.4064 0.000942293
         196    -12.4097    -12.4064 0.000937636
         197    -12.4154    -12.4065  0.00093399
         198    -12.4173    -12.4065 0.000930868
         199    -12.4141    -12.4066 0.000926962
         200    -12.4057    -12.4066 0.000922339
         201    -12.4084    -12.4066 0.000917796
         202     -12.432    -12.4067 0.000921848
         203    -12.4053    -12.4067 0.000917334
         204    -12.4191    -12.4068 0.000914848
         205    -12.4108    -12.4068   0.0009106
         206    -12.4113    -12.4068 0.000906444
         207    -12.4172    -12.4069 0.000903445
         208    -12.4054    -12.4068  0.00089913
         209    -12.4071    -12.4068 0.000894829
         210    -12.4089    -12.4069 0.000890621
         211    -12.3918    -12.4068 0.000889236
         212    -12.4191    -12.4068 0.000886948
         213    -12.4098    -12.4069 0.000882896
         214    -12.3621    -12.4066 0.000903152
         215    -12.4018    -12.4066 0.000899232
         216    -12.4194    -12.4067 0.000897017
         217    -12.4145    -12.4067 0.000893604
         218    -12.4021    -12.4067 0.000889753
         219     -12.385    -12.4066 0.000891168
         220    -12.3939    -12.4065 0.000888999
         221    -12.4103    -12.4066 0.000885135
         222    -12.4061    -12.4066  0.00088115
         223    -12.3925    -12.4065 0.000879456
         224    -12.4116    -12.4065  0.00087583
         225    -12.4144    -12.4066 0.000872631
         226    -12.4061    -12.4066 0.000868772
         227    -12.3928    -12.4065 0.000867068
         228    -12.4063    -12.4065 0.000863266
         229    -12.4123    -12.4065 0.000859872
         230    -12.4122    -12.4065 0.000856484
         231    -12.3962    -12.4065 0.000853953
         232    -12.3986    -12.4065 0.000850957
         233    -12.4104    -12.4065 0.000847472
         234    -12.4025    -12.4065 0.000844025
         235    -12.4018    -12.4064 0.000840667
         236    -12.4187    -12.4065  0.00083872
         237    -12.4047    -12.4065 0.000835216
         238    -12.4137    -12.4065  0.00083225
         239    -12.4233    -12.4066 0.000831712
         240    -12.4247    -12.4067 0.000831673
         241    -12.3966    -12.4066 0.000829277
         242    -12.3988    -12.4066 0.000826472
         243    -12.4026    -12.4066  0.00082323
         244    -12.3824    -12.4065 0.000825784
         245    -12.3975    -12.4064 0.000823224
         246    -12.4129    -12.4065 0.000820292
         247    -12.4155    -12.4065 0.000817791
         248    -12.3945    -12.4064 0.000815917
         249    -12.4229    -12.4065 0.000815317
         250    -12.3861    -12.4064 0.000816128
         251     -12.384    -12.4063 0.000817738
         252    -12.3858    -12.4063 0.000818557
         253    -12.4022    -12.4062  0.00081548
         254    -12.3962    -12.4062 0.000813222
         255    -12.4118    -12.4062 0.000810331
         256    -12.4187    -12.4063 0.000808621
         257    -12.4044    -12.4063 0.000805508
         258    -12.4258    -12.4063 0.000805952
         259    -12.4145    -12.4064 0.000803449
         260    -12.4057    -12.4064 0.000800364
         261     -12.401    -12.4064  0.00079756
         262    -12.4294    -12.4064 0.000799337
         263     -12.416    -12.4065 0.000797121
         264    -12.3819    -12.4064 0.000799531
         265    -12.3916    -12.4063 0.000798465
         266    -12.4058    -12.4063 0.000795466
         267    -12.4015    -12.4063  0.00079269
         268    -12.4015    -12.4063 0.000789934
         269    -12.3953    -12.4063 0.000788059
         270    -12.4035    -12.4062 0.000785204
         271    -12.4051    -12.4062 0.000782317
         272    -12.4103    -12.4063 0.000779586
         273    -12.4085    -12.4063 0.000776773
         274     -12.423    -12.4063 0.000776328
         275     -12.418    -12.4064 0.000774673
         276     -12.398    -12.4063 0.000772461
         277    -12.4191    -12.4064 0.000771052
         278    -12.4084    -12.4064 0.000768314
         279    -12.4156    -12.4064 0.000766264
         280    -12.4093    -12.4064 0.000763598
         281    -12.3857    -12.4064 0.000764433
         282    -12.4094    -12.4064   0.0007618
         283    -12.4259    -12.4064 0.000762225
         284    -12.4197    -12.4065 0.000760971
         285    -12.4274    -12.4066 0.000761845
         286    -12.4036    -12.4065 0.000759251
         287    -12.4038    -12.4065 0.000756666
         288    -12.4227    -12.4066 0.000756117
         289    -12.4047    -12.4066  0.00075353
         290    -12.4126    -12.4066  0.00075122
         291    -12.4385    -12.4067 0.000756595
         292    -12.4077    -12.4067  0.00075401
         293    -12.4006    -12.4067 0.000751723
         294    -12.4075    -12.4067 0.000749171
         295    -12.4111    -12.4067  0.00074678
         296    -12.4121    -12.4067 0.000744475
         297    -12.4269    -12.4068 0.000745043
         298     -12.399    -12.4068 0.000743002
         299    -12.4059    -12.4068 0.000740523
         300    -12.3935    -12.4067 0.000739368
         301    -12.3912    -12.4067  0.00073871
         302    -12.4058    -12.4067 0.000736269
         303    -12.3897    -12.4066 0.000735971
         304    -12.4001    -12.4066 0.000733866
         305    -12.4226    -12.4067 0.000733334
         306    -12.4152    -12.4067 0.000731469
         307    -12.4248    -12.4067 0.000731473
         308    -12.4272    -12.4068 0.000732115
         309    -12.3852    -12.4067 0.000733074
         310    -12.3904    -12.4067 0.000732608
         311    -12.4062    -12.4067 0.000730254
         312    -12.4339    -12.4068 0.000733088
         313    -12.4021    -12.4068 0.000730895
         314    -12.3986    -12.4067 0.000729028
         315    -12.4163    -12.4068 0.000727346
         316    -12.4019    -12.4067 0.000725206
         317    -12.4233    -12.4068 0.000724803
         318    -12.4072    -12.4068 0.000722525
         319    -12.4274    -12.4069 0.000723145
         320    -12.3885    -12.4068 0.000723163
         321    -12.4143    -12.4068 0.000721286
         322    -12.4131    -12.4068  0.00071931
         323    -12.4187    -12.4069 0.000718024
         324    -12.4432     -12.407 0.000724525
         325    -12.4011     -12.407  0.00072252
         326    -12.4044     -12.407 0.000720348
         327    -12.4173     -12.407 0.000718832
         328    -12.4164     -12.407 0.000717209
         329    -12.4189    -12.4071 0.000715943
         330    -12.3922     -12.407 0.000715195
         331    -12.4107     -12.407  0.00071312
         332    -12.4125     -12.407 0.000711165
         333      -12.42    -12.4071   0.0007101
         334    -12.4018    -12.4071  0.00070815
         335    -12.4242    -12.4071 0.000707879
         336    -12.4156    -12.4071 0.000706217
         337    -12.4151    -12.4072 0.000704521
         338     -12.394    -12.4071 0.000703515
         339    -12.4107    -12.4071  0.00070152
         340    -12.4101    -12.4071 0.000699511
         341    -12.4051    -12.4071 0.000697484
         342    -12.4014    -12.4071  0.00069565
         343    -12.3847    -12.4071 0.000696692
         344    -12.4172    -12.4071 0.000695291
         345    -12.4233    -12.4071 0.000694867
         346    -12.3998    -12.4071  0.00069318
         347    -12.4143    -12.4071 0.000691493
         348    -12.3977    -12.4071 0.000690041
         349    -12.4124    -12.4071 0.000688229
         350    -12.4184    -12.4072 0.000687021
         351    -12.3971    -12.4071 0.000685667
         352    -12.3837    -12.4071 0.000686949
         353    -12.4145    -12.4071 0.000685326
         354    -12.4152    -12.4071 0.000683774
         355    -12.3968    -12.4071 0.000682469
         356    -12.4054    -12.4071 0.000680568
         357    -12.4182    -12.4071  0.00067938
         358    -12.4026    -12.4071 0.000677598
         359    -12.4133    -12.4071  0.00067593
         360    -12.3968    -12.4071 0.000674662
         361    -12.3865     -12.407 0.000675198
         362    -12.4273    -12.4071 0.000675659
         363    -12.4207    -12.4071 0.000674838
         364    -12.4002    -12.4071  0.00067325
         365    -12.3947    -12.4071 0.000672266
         366    -12.4076    -12.4071  0.00067043
         367    -12.3945     -12.407 0.000669476
         368    -12.3979     -12.407 0.000668113
         369    -12.4134     -12.407 0.000666528
         370    -12.3924     -12.407 0.000665891
         371    -12.4074     -12.407 0.000664097
         372     -12.425     -12.407 0.000664076
         373    -12.3823     -12.407 0.000665585
         374    -12.4395    -12.4071 0.000669471
         375    -12.4069    -12.4071 0.000667685
         376    -12.4083    -12.4071 0.000665918
         377    -12.4211    -12.4071 0.000665195
         378    -12.4032    -12.4071 0.000663515
         379    -12.4044    -12.4071 0.000661803
         380    -12.3943     -12.407 0.000660916
         381    -12.4053     -12.407 0.000659196
         382    -12.3968     -12.407 0.000658011
         383     -12.392     -12.407 0.000657453
         384     -12.406     -12.407 0.000655746
         385    -12.3734    -12.4069 0.000659803
         386    -12.4214    -12.4069 0.000659168
         387    -12.3987    -12.4069 0.000657804
         388    -12.3996    -12.4069 0.000656382
         389    -12.4182    -12.4069  0.00065534
         390    -12.4002    -12.4069 0.000653888
         391     -12.409    -12.4069 0.000652238
         392    -12.3917    -12.4069 0.000651731
         393    -12.4036    -12.4069 0.000650126
         394    -12.4037    -12.4068 0.000648524
         395    -12.4128    -12.4069 0.000647057
         396    -12.3783    -12.4068 0.000649416
         397    -12.4243    -12.4068 0.000649274
         398     -12.414    -12.4068 0.000647895
         399     -12.413    -12.4069 0.000646454
         400     -12.397    -12.4068  0.00064531
         401    -12.4226    -12.4069 0.000644893
         402    -12.4216    -12.4069 0.000644331
         403    -12.3948    -12.4069 0.000643433
         404    -12.3857    -12.4068  0.00064398
         405    -12.4227    -12.4069 0.000643579
         406    -12.4076    -12.4069 0.000641996
         407    -12.4058    -12.4069 0.000640424
         408    -12.4133    -12.4069 0.000639047
         409    -12.4182    -12.4069 0.000638084
         410    -12.3907    -12.4069 0.000637747
         411    -12.4074    -12.4069 0.000636197
         412    -12.3857    -12.4068 0.000636728
         413    -12.4055    -12.4068 0.000635195
         414    -12.4385    -12.4069 0.000638266
         415    -12.4084    -12.4069 0.000636739
         416    -12.4094    -12.4069 0.000635237
         417    -12.4251     -12.407 0.000635208
         418    -12.3981    -12.4069 0.000634039
         419    -12.3944    -12.4069  0.00063323
         420    -12.4049    -12.4069 0.000631739
         421    -12.4187    -12.4069 0.000630856
         422    -12.4153    -12.4069 0.000629674
         423     -12.415     -12.407  0.00062847
         424    -12.3874    -12.4069  0.00062868
         425    -12.4095    -12.4069  0.00062723
         426    -12.4037    -12.4069 0.000625802
         427    -12.3995    -12.4069 0.000624577
         428    -12.4198    -12.4069 0.000623841
         429    -12.4079    -12.4069 0.000622391
         430    -12.4059    -12.4069 0.000620948
         431    -12.4095    -12.4069 0.000619537
         432    -12.3898    -12.4069 0.000619378
         433    -12.4218    -12.4069 0.000618902
         434     -12.391    -12.4069 0.000618566
         435    -12.4135    -12.4069 0.000617329
         436    -12.3726    -12.4068 0.000620917
         437    -12.4229    -12.4069 0.000620586
         438    -12.4132    -12.4069 0.000619338
         439    -12.3976    -12.4069 0.000618286
         440    -12.4165    -12.4069 0.000617272
         441     -12.435    -12.4069  0.00061915
         442    -12.4184     -12.407 0.000618291
         443    -12.4035     -12.407 0.000616944
         444    -12.4113     -12.407 0.000615632
         445    -12.3995     -12.407 0.000614475
         446    -12.3878    -12.4069 0.000614591
         447    -12.4064    -12.4069 0.000613217
         448    -12.4051    -12.4069 0.000611861
         449    -12.3987    -12.4069 0.000610772
         450    -12.3932    -12.4069 0.000610168
         451    -12.4051    -12.4069 0.000608828
         452    -12.4048    -12.4068 0.000607498
         453    -12.4287    -12.4069 0.000608076
         454    -12.3895    -12.4069 0.000607941
         455    -12.4054    -12.4069 0.000606614
         456    -12.4153    -12.4069 0.000605567
         457    -12.3914    -12.4068 0.000605193
         458    -12.3994    -12.4068 0.000604092
         459    -12.3745    -12.4068 0.000606855
         460    -12.4147    -12.4068 0.000605783
         461    -12.4031    -12.4068 0.000604521
         462    -12.4189    -12.4068 0.000603781
         463    -12.3913    -12.4068 0.000603407
         464    -12.4011    -12.4067  0.00060223
         465    -12.3892    -12.4067  0.00060211
         466    -12.4085    -12.4067  0.00060083
         467    -12.3965    -12.4067 0.000599939
         468    -12.3957    -12.4067 0.000599116
         469    -12.3978    -12.4066 0.000598139
         470    -12.4189    -12.4067 0.000597436
         471    -12.3819    -12.4066 0.000598478
         472    -12.4053    -12.4066 0.000597216
         473    -12.4094    -12.4066 0.000595983
         474     -12.421    -12.4067   0.0005955
         475    -12.4088    -12.4067 0.000594264
         476     -12.391    -12.4066 0.000593925
         477    -12.3991    -12.4066  0.00059289
         478     -12.413    -12.4066 0.000591802
         479    -12.3869    -12.4066 0.000592001
         480    -12.4141    -12.4066 0.000590974
         481     -12.389    -12.4066 0.000590877
         482    -12.4112    -12.4066 0.000589729
         483    -12.4051    -12.4066 0.000588516
         484    -12.3931    -12.4065 0.000587957
         485    -12.4134    -12.4066 0.000586915
         486    -12.4039    -12.4065 0.000585734
         487    -12.3884    -12.4065 0.000585716
         488    -12.4029    -12.4065 0.000584563
         489    -12.3878    -12.4065 0.000584619
         490     -12.416    -12.4065 0.000583752
         491    -12.4029    -12.4065 0.000582609
         492    -12.4022    -12.4065  0.00058149
         493    -12.3999    -12.4065 0.000580464
         494    -12.4167    -12.4065 0.000579662
         495    -12.3992    -12.4065 0.000578679
         496    -12.4109    -12.4065  0.00057758
         497    -12.4339    -12.4065 0.000579053
         498    -12.4086    -12.4065 0.000577906
         499    -12.3892    -12.4065 0.000577794
         500     -12.407    -12.4065 0.000576639
