#     BLOCK:   ACTUAL_P:     P_AVE:       ERROR:
           1    0.912133    0.912133           0
           2    0.969801    0.940967   0.0203886
           3     1.12344     1.00179   0.0514883
           4    0.797846    0.950804   0.0586591
           5      1.0678    0.974203   0.0513826
           6    0.925931    0.966158   0.0434441
           7     1.00812    0.972152   0.0376492
           8    0.890915    0.961998   0.0342851
           9     1.01312    0.967677   0.0309426
          10    0.948084    0.965718   0.0279103
          11    0.883136    0.958211   0.0263633
          12    0.874769    0.951257   0.0250666
          13    0.827246    0.941718   0.0248875
          14    0.959149    0.942963   0.0231409
          15    0.950918    0.943493   0.0216043
          16     1.04782    0.950014   0.0212152
          17    0.929976    0.948835        0.02
          18    0.967686    0.949882   0.0189163
          19    0.920629    0.948343   0.0179832
          20    0.914232    0.946637   0.0171647
          21    0.922601    0.945493   0.0163855
          22    0.919443    0.944309   0.0156834
          23    0.827531    0.939231    0.015802
          24    0.992579    0.941454   0.0152991
          25    0.912356     0.94029   0.0147314
          26    0.998182    0.942517   0.0143321
          27    0.982839     0.94401   0.0138788
          28    0.879581    0.941709   0.0135726
          29    0.965076    0.942515   0.0131285
          30    0.918008    0.941698   0.0127162
          31    0.904972    0.940513   0.0123611
          32    0.823432    0.936854   0.0125046
          33    0.964609    0.937696   0.0121539
          34    0.753553     0.93228    0.012947
          35     0.97711     0.93356   0.0126403
          36    0.980724    0.934871   0.0123569
          37      1.0211    0.937201   0.0122407
          38    0.902864    0.936297   0.0119519
          39    0.946507    0.936559   0.0116483
          40    0.832469    0.933957   0.0116441
          41    0.880649    0.932657   0.0114325
          42    0.947831    0.933018    0.011166
          43    0.977196    0.934045   0.0109535
          44    0.861738    0.932402   0.0108271
          45    0.898471    0.931648   0.0106127
          46    0.965552    0.932385   0.0104076
          47     1.06932    0.935299   0.0105861
          48    0.847056     0.93346    0.010524
          49    0.917792     0.93314   0.0103141
          50    0.867076    0.931819   0.0101921
          51      0.9433    0.932044  0.00999473
          52    0.994662    0.933248  0.00987479
          53    0.947915    0.933525  0.00969235
          54    0.928202    0.933427  0.00951337
          55    0.979203    0.934259  0.00937673
          56    0.947666    0.934498  0.00921235
          57    0.961829    0.934978   0.0090632
          58    0.981266    0.935776    0.008942
          59     1.10878    0.938708  0.00925877
          60    0.867383     0.93752  0.00918046
          61    0.890533    0.936749  0.00906221
          62    0.881519    0.935858  0.00895972
          63    0.879518    0.934964  0.00886203
          64    0.890224    0.934265  0.00875109
          65    0.997634     0.93524  0.00867059
          66    0.951106     0.93548  0.00854255
          67    0.793234    0.933357  0.00867486
          68    0.964219    0.933811  0.00855915
          69    0.975136     0.93441  0.00845603
          70    0.972916     0.93496   0.0083531
          71    0.917113    0.934709  0.00823924
          72    0.855895    0.933614  0.00819719
          73    0.900541    0.933161  0.00809741
          74    0.845836    0.931981  0.00807352
          75       1.063    0.933728  0.00815267
          76    0.990255    0.934472  0.00807925
          77    0.997176    0.935286  0.00801526
          78     0.88054    0.934584  0.00794317
          79    0.836596    0.933344  0.00793888
          80    0.919744    0.933174  0.00784146
          81    0.775782    0.931231  0.00798178
          82    0.868338    0.930464   0.0079212
          83     1.06112    0.932038  0.00798065
          84    0.893709    0.931582  0.00789868
          85    0.985787    0.932219  0.00783146
          86    0.926612    0.932154  0.00774066
          87    0.937504    0.932216  0.00765193
          88    0.874563     0.93156  0.00759297
          89    0.910815    0.931327  0.00751124
          90    0.987151    0.931948  0.00745335
          91    0.938668    0.932021  0.00737181
          92    0.844547    0.931071  0.00735274
          93     1.02379    0.932068  0.00734096
          94     0.89906    0.931716  0.00727125
          95    0.803275    0.930364  0.00731933
          96    0.906322    0.930114  0.00724737
          97    0.937063    0.930186  0.00717301
          98      1.0467    0.931375  0.00719768
          99     1.04852    0.932558  0.00722159
         100    0.931956    0.932552  0.00714937
         101    0.837368    0.931609  0.00714043
         102    0.945534    0.931746  0.00707173
         103    0.880734    0.931251   0.0070204
         104    0.941688    0.931351  0.00695361
         105    0.926648    0.931306  0.00688753
         106    0.971634    0.931687  0.00683305
         107    0.821312    0.930655  0.00684661
         108    0.988174    0.931188   0.0068039
         109     1.00477    0.931863  0.00677488
         110    0.960958    0.932127  0.00671846
         111    0.822902    0.931143   0.0067296
         112    0.866169    0.930563  0.00669448
         113     1.00604    0.931231  0.00666847
         114      0.8444    0.930469  0.00665334
         115    0.913083    0.930318   0.0065972
         116    0.970885    0.930668  0.00654959
         117    0.764612    0.929249  0.00664561
         118    0.952403    0.929445  0.00659219
         119     1.00148     0.93005  0.00656452
         120    0.918344    0.929953  0.00651054
         121    0.903893    0.929737   0.0064603
         122    0.921069    0.929666  0.00640774
         123     0.95141    0.929843  0.00635808
         124    0.928971    0.929836  0.00630681
         125     1.05108    0.930806   0.0063305
         126    0.835814    0.930052  0.00632499
         127     0.85403    0.929454  0.00630345
         128    0.808187    0.928506    0.006325
         129     0.95599    0.928719  0.00627956
         130     1.06589    0.929774  0.00631929
         131    0.998651      0.9303  0.00629288
         132     0.92933    0.930293  0.00624521
         133     0.90088    0.930072  0.00620217
         134     1.02307    0.930766  0.00619459
         135     0.88789    0.930448  0.00615684
         136    0.934356    0.930477  0.00611164
         137    0.868601    0.930025  0.00608369
         138    0.946523    0.930145  0.00604078
         139    0.913757    0.930027  0.00599847
         140    0.941028    0.930105  0.00595614
         141    0.888479     0.92981  0.00592121
         142    0.882837    0.929479  0.00588874
         143     1.05387    0.930349  0.00591146
         144    0.901805    0.930151  0.00587373
         145    0.910783    0.930017  0.00583474
         146    0.902421    0.929828  0.00579784
         147    0.874149     0.92945  0.00577076
         148    0.749787    0.928236  0.00585806
         149    0.985315    0.928619  0.00583125
         150    0.868036    0.928215  0.00580635
         151     0.85245    0.927713  0.00578953
         152    0.925161    0.927696  0.00575147
         153    0.881296    0.927393  0.00572187
         154    0.949479    0.927536  0.00568651
         155    0.903865    0.927384  0.00565187
         156    0.946434    0.927506  0.00561696
         157    0.935117    0.927554  0.00558139
         158    0.861193    0.927134  0.00556185
         159    0.958896    0.927334  0.00553046
         160     1.07842    0.928278  0.00557592
         161    0.841053    0.927737  0.00556755
         162    0.931337    0.927759  0.00553323
         163     1.04368     0.92847   0.0055448
         164    0.935567    0.928513  0.00551116
         165    0.899813    0.928339   0.0054805
         166    0.893179    0.928128  0.00545158
         167    0.788236     0.92729  0.00548291
         168     1.01759    0.927827  0.00547656
         169    0.940831    0.927904  0.00544469
         170    0.914055    0.927823  0.00541327
         171     0.78544     0.92699  0.00544528
         172     1.00976    0.927471  0.00543484
         173    0.866244    0.927118  0.00541494
         174    0.915349     0.92705  0.00538424
         175     1.06309    0.927827   0.0054093
         176    0.971395    0.928075  0.00538422
         177    0.995668    0.928457  0.00536733
         178    0.891822    0.928251  0.00534112
         179     0.99896    0.928646  0.00532587
         180    0.985145     0.92896  0.00530552
         181    0.775658    0.928113  0.00534339
         182    0.847394    0.927669   0.0053324
         183     1.06989    0.928446   0.0053596
         184    0.919252    0.928396   0.0053307
         185     1.01278    0.928853  0.00532136
         186      0.9889    0.929175  0.00530254
         187     1.05455    0.929846   0.0053164
         188    0.958095    0.929996  0.00529024
         189    0.910035     0.92989   0.0052633
         190    0.942772    0.929958  0.00523604
         191     1.02199     0.93044  0.00523075
         192    0.897857     0.93027  0.00520626
         193     1.02628    0.930768  0.00520299
         194     0.84742    0.930338  0.00519388
         195     0.97279    0.930556   0.0051718
         196    0.906636    0.930434  0.00514686
         197     0.87987    0.930177  0.00512713
         198    0.869652    0.929872  0.00511034
         199    0.891565    0.929679  0.00508828
         200    0.935952     0.92971  0.00506294
         201    0.921836    0.929671   0.0050379
         202    0.794694    0.929003  0.00505708
         203    0.937688    0.929046  0.00503235
         204    0.862109    0.928718  0.00501837
         205    0.904669      0.9286  0.00499526
         206    0.907512    0.928498  0.00497206
         207    0.872569    0.928228  0.00495537
         208    0.944241    0.928305  0.00493215
         209    0.932388    0.928324  0.00490859
         210    0.909891    0.928237    0.004886
         211     1.00753    0.928612  0.00487727
         212    0.861277    0.928295   0.0048646
         213     0.91066    0.928212  0.00484246
         214     1.17443    0.929362  0.00495464
         215    0.954261    0.929478  0.00493294
         216    0.856599    0.929141  0.00492163
         217    0.889384    0.928958  0.00490236
         218    0.952636    0.929066  0.00488108
         219     1.05085    0.929622  0.00489036
         220    0.997849    0.929933  0.00487796
         221    0.908371    0.929835  0.00485686
         222    0.935435     0.92986  0.00483505
         223     1.00966    0.930218  0.00482659
         224    0.902533    0.930094  0.00480663
         225    0.888013    0.929907   0.0047889
         226    0.933654    0.929924  0.00476774
         227     1.00159     0.93024  0.00475718
         228    0.928941    0.930234  0.00473632
         229    0.896504    0.930087  0.00471792
         230    0.901415    0.929962  0.00469906
         231    0.988396    0.930215  0.00468552
         232    0.975067    0.930408  0.00466931
         233    0.906328    0.930305  0.00465041
         234    0.950901    0.930393  0.00463137
         235    0.951399    0.930482  0.00461253
         236     0.85806    0.930176  0.00460318
         237     0.94112    0.930222  0.00458399
         238    0.888528    0.930047  0.00456807
         239    0.846451    0.929697  0.00456233
         240    0.830888    0.929285  0.00456186
         241    0.981255    0.929501  0.00454803
         242    0.975061    0.929689  0.00453313
         243    0.950481    0.929775  0.00451528
         244     1.06903    0.930345   0.0045327
         245    0.977312    0.930537  0.00451825
         246    0.895225    0.930393  0.00450217
         247     0.88435    0.930207   0.0044878
         248    0.999921    0.930488  0.00447849
         249    0.837852    0.930116  0.00447593
         250     1.04417    0.930572  0.00448122
         251     1.05343    0.931062  0.00449002
         252     1.04599    0.931518  0.00449531
         253    0.950673    0.931594  0.00447818
         254    0.984466    0.931802  0.00446538
         255     0.89973    0.931676  0.00444964
         256    0.862972    0.931408  0.00444034
         257    0.942288     0.93145  0.00442327
         258    0.824621    0.931036  0.00442546
         259    0.880148    0.930839  0.00441274
         260    0.930334    0.930837  0.00439576
         261    0.952237    0.930919  0.00437969
         262    0.799763    0.930419  0.00439149
         263    0.876216    0.930213  0.00437962
         264     1.07461     0.93076  0.00439706
         265     1.01581    0.931081  0.00439216
         266     0.93392    0.931091  0.00437566
         267    0.958304    0.931193  0.00436046
         268    0.951588    0.931269  0.00434485
         269    0.988089    0.931481  0.00433383
         270    0.951695    0.931555  0.00431843
         271    0.940301    0.931588  0.00430261
         272    0.911534    0.931514  0.00428743
         273    0.923851    0.931486  0.00427181
         274    0.844155    0.931167   0.0042681
         275     0.87587    0.930966  0.00425731
         276    0.976179     0.93113  0.00424504
         277    0.864306    0.930889  0.00423656
         278    0.917938    0.930842  0.00422158
         279    0.880742    0.930662  0.00421026
         280    0.909565    0.930587   0.0041959
         281     1.04806    0.931005  0.00420174
         282    0.912507     0.93094  0.00418736
         283    0.828641    0.930578  0.00418813
         284    0.851426    0.930299  0.00418265
         285     0.81407    0.929892  0.00418781
         286    0.942229    0.929935  0.00417339
         287    0.942377    0.929978  0.00415907
         288    0.849138    0.929697  0.00415409
         289    0.929531    0.929697  0.00413972
         290    0.895359    0.929578  0.00412714
         291    0.752636     0.92897   0.0041575
         292    0.923011     0.92895  0.00414331
         293    0.963921    0.929069  0.00413089
         294     0.92225    0.929046  0.00411691
         295      0.9089    0.928978  0.00410352
         296    0.902038    0.928887  0.00409066
         297     0.81389      0.9285  0.00409517
         298    0.965096    0.928622  0.00408327
         299    0.924367    0.928608  0.00406964
         300     1.00356    0.928858  0.00406374
         301     1.01393    0.929141  0.00406005
         302     0.93066    0.929146  0.00404661
         303     1.01816    0.929439  0.00404391
         304     0.96945    0.929571  0.00403274
         305    0.849281    0.929308  0.00402811
         306    0.880359    0.929148  0.00401812
         307    0.825092    0.928809   0.0040193
         308    0.817337    0.928447  0.00402251
         309     1.04305    0.928818  0.00402656
         310      1.0194     0.92911  0.00402415
         311    0.927324    0.929104  0.00401122
         312    0.781901    0.928633  0.00402601
         313    0.955816    0.928719  0.00401409
         314    0.972478    0.928859  0.00400372
         315    0.866591    0.928661  0.00399589
         316    0.958067    0.928754  0.00398433
         317    0.836186    0.928462  0.00398245
         318    0.925262    0.928452  0.00396993
         319     0.82469    0.928127  0.00397079
         320      1.0281    0.928439  0.00397065
         321      0.8834    0.928299  0.00396076
         322    0.895148    0.928196   0.0039498
         323    0.866364    0.928004  0.00394221
         324    0.731737    0.927399  0.00397631
         325    0.960819    0.927502   0.0039654
         326    0.937084    0.927531  0.00395335
         327    0.878566    0.927381  0.00394409
         328    0.873364    0.927217  0.00393551
         329    0.864711    0.927027  0.00392813
         330     1.01805    0.927302   0.0039259
         331    0.908391    0.927245  0.00391445
         332    0.899458    0.927162  0.00390356
         333    0.857583    0.926953  0.00389742
         334    0.953213    0.927031  0.00388655
         335    0.831358    0.926746  0.00388542
         336    0.881975    0.926612  0.00387614
         337    0.884099    0.926486  0.00386669
         338    0.998037    0.926698  0.00386104
         339    0.905795    0.926636  0.00385015
         340    0.907513     0.92658  0.00383923
         341     0.93875    0.926616  0.00382814
         342    0.958426    0.926709  0.00381808
         343     1.05138    0.927072  0.00382421
         344    0.873579    0.926917  0.00381625
         345    0.841871     0.92667  0.00381314
         346    0.967894    0.926789  0.00380398
         347    0.893476    0.926693  0.00379423
         348    0.979826    0.926846   0.0037864
         349     0.89729    0.926761   0.0037765
         350    0.859937     0.92657  0.00377053
         351    0.978908    0.926719  0.00376273
         352     1.05948    0.927097   0.0037709
         353    0.880492    0.926965  0.00376253
         354    0.883094    0.926841  0.00375394
         355    0.982438    0.926997  0.00374663
         356    0.932658    0.927013  0.00373614
         357    0.869042    0.926851   0.0037292
         358    0.950404    0.926917  0.00371936
         359    0.897793    0.926835  0.00370989
         360    0.985568    0.926999  0.00370317
         361     1.04122    0.927315   0.0037064
         362    0.816718     0.92701  0.00370874
         363    0.849078    0.926795  0.00370473
         364      0.9595    0.926885  0.00369564
         365    0.992047    0.927063  0.00368982
         366    0.929012    0.927069  0.00367975
         367    0.993178    0.927249  0.00367413
         368    0.984819    0.927405  0.00366747
         369    0.896179     0.92732  0.00365851
         370     1.00665    0.927535   0.0036549
         371    0.926644    0.927532  0.00364505
         372    0.823632    0.927253  0.00364593
         373     1.06628    0.927626  0.00365516
         374    0.751663    0.927155  0.00367554
         375    0.931513    0.927167  0.00366576
         376    0.923311    0.927157  0.00365603
         377    0.845415     0.92694  0.00365275
         378    0.951138    0.927004  0.00364365
         379     0.94563    0.927053  0.00363437
         380    0.995001    0.927232   0.0036292
         381    0.939335    0.927264  0.00361981
         382    0.983764    0.927412  0.00361336
         383     1.00621    0.927617  0.00360977
         384    0.936074    0.927639  0.00360044
         385     1.11618    0.928129  0.00362424
         386    0.851122     0.92793  0.00362034
         387    0.970154    0.928039  0.00361263
         388    0.968951    0.928144  0.00360486
         389    0.867927    0.927989  0.00359891
         390    0.962519    0.928078  0.00359077
         391    0.917908    0.928052  0.00358168
         392     1.00945     0.92826  0.00357856
         393    0.940744    0.928291  0.00356959
         394    0.942731    0.928328  0.00356072
         395    0.892206    0.928236  0.00355288
         396     1.07844    0.928616   0.0035641
         397    0.832804    0.928374  0.00356329
         398    0.888912    0.928275  0.00355571
         399      0.8963    0.928195   0.0035477
         400    0.984556    0.928336  0.00354163
         401    0.833374    0.928099  0.00354071
         402     0.84358    0.927889  0.00353814
         403     0.99521    0.928056   0.0035333
         404     1.04175    0.928337  0.00353574
         405    0.845901    0.928134  0.00353286
         406    0.927665    0.928133  0.00352416
         407    0.934195    0.928148  0.00351554
         408    0.895328    0.928067  0.00350784
         409    0.866426    0.927917   0.0035025
         410     1.01715    0.928134  0.00350071
         411    0.923814    0.928124  0.00349221
         412     1.04054    0.928396  0.00349438
         413    0.932552    0.928407  0.00348593
         414    0.752069    0.927981  0.00350344
         415    0.916949    0.927954  0.00349509
         416    0.913118    0.927918  0.00348687
         417    0.832478    0.927689  0.00348602
         418    0.970628    0.927792  0.00347919
         419      1.0036    0.927973  0.00347559
         420    0.941987    0.928007  0.00346747
         421    0.867938    0.927864  0.00346217
         422    0.884283    0.927761  0.00345551
         423     0.88656    0.927663  0.00344871
         424     1.03682    0.927921  0.00345017
         425    0.913631    0.927887  0.00344222
         426    0.939778    0.927915  0.00343425
         427    0.970442    0.928015  0.00342765
         428    0.863538    0.927864  0.00342295
         429    0.916886    0.927838  0.00341507
         430    0.935344    0.927856  0.00340717
         431     0.91003    0.927814  0.00339952
         432     1.02076     0.92803  0.00339845
         433     0.84472    0.927837  0.00339604
         434     1.01267    0.928033  0.00339384
         435    0.896904    0.927961  0.00338679
         436     1.11937      0.9284  0.00340736
         437    0.836885    0.928191  0.00340599
         438    0.895421    0.928116  0.00339903
         439    0.976085    0.928225  0.00339305
         440    0.874426    0.928103  0.00338754
         441    0.770224    0.927745  0.00339872
         442    0.866887    0.927607  0.00339382
         443     0.94372    0.927643  0.00338635
         444    0.905687    0.927594  0.00337909
         445    0.967007    0.927683  0.00337266
         446     1.02773    0.927907  0.00337254
         447    0.921897    0.927893  0.00336503
         448    0.939537    0.927919  0.00335762
         449    0.975971    0.928026  0.00335184
         450     1.00071    0.928188  0.00334828
         451    0.944398    0.928224  0.00334105
         452    0.933165    0.928235  0.00333368
         453    0.809335    0.927972  0.00333664
         454     1.02519    0.928187  0.00333615
         455    0.941245    0.928215  0.00332894
         456    0.885402    0.928121  0.00332297
         457     1.01024    0.928301  0.00332055
         458     0.96974    0.928392  0.00331453
         459     1.11052    0.928788  0.00333098
         460     0.88693    0.928697  0.00332498
         461    0.949359    0.928742  0.00331807
         462     0.86063    0.928595  0.00331416
         463     1.01282    0.928777  0.00331199
         464    0.960377    0.928845  0.00330555
         465     1.02763    0.929057  0.00330526
         466    0.916401     0.92903  0.00329828
         467    0.988573    0.929157  0.00329368
         468    0.990365    0.929288  0.00328924
         469    0.977683    0.929391  0.00328384
         470    0.865498    0.929256  0.00327967
         471     1.06649    0.929547  0.00328562
         472    0.936476    0.929562   0.0032787
         473    0.915956    0.929533  0.00327189
         474    0.850259    0.929366  0.00326926
         475    0.916462    0.929338  0.00326249
         476     1.01357    0.929515  0.00326043
         477    0.971954    0.929604  0.00325481
         478    0.896563    0.929535  0.00324873
         479     1.03748    0.929761  0.00324976
         480    0.886976    0.929671  0.00324421
         481     1.02537     0.92987  0.00324356
         482    0.903897    0.929816  0.00323728
         483    0.929097    0.929815  0.00323058
         484     1.00001     0.92996  0.00322716
         485    0.884709    0.929867  0.00322185
         486    0.948181    0.929904  0.00321544
         487     1.02928    0.930108  0.00321531
         488    0.956633    0.930163  0.00320918
         489     1.03034    0.930368  0.00320915
         490    0.878034    0.930261  0.00320437
         491    0.949163    0.930299  0.00319808
         492    0.956285    0.930352  0.00319202
         493    0.972546    0.930438  0.00318669
         494    0.876459    0.930329  0.00318211
         495    0.961685    0.930392  0.00317631
         496    0.904027    0.930339  0.00317035
         497    0.779042    0.930034  0.00317856
         498    0.920426    0.930015  0.00317223
         499     1.02443    0.930204  0.00317151
         500    0.923468    0.930191   0.0031652
