#     BLOCK:   ACTUAL_T:     T_AVE:       ERROR:
           1         0.8         0.8           0
           2         0.8         0.8           0
           3         0.8         0.8           0
           4         0.8         0.8           0
           5         0.8         0.8           0
           6         0.8         0.8           0
           7         0.8         0.8 5.63211e-09
           8         0.8         0.8           0
           9         0.8         0.8           0
          10         0.8         0.8   3.332e-09
          11         0.8         0.8 3.17694e-09
          12         0.8         0.8 3.04169e-09
          13         0.8         0.8 5.84472e-09
          14         0.8         0.8 5.63211e-09
          15         0.8         0.8 6.08337e-09
          16         0.8         0.8  5.8902e-09
          17         0.8         0.8 5.71433e-09
          18         0.8         0.8 6.08337e-09
          19         0.8         0.8 5.92112e-09
          20         0.8         0.8 5.77119e-09
          21         0.8         0.8 5.63211e-09
          22         0.8         0.8 5.02318e-09
          23         0.8         0.8 4.91277e-09
          24         0.8         0.8 4.30159e-09
          25         0.8         0.8 4.21468e-09
          26         0.8         0.8 2.92236e-09
          27         0.8         0.8 2.86773e-09
          28         0.8         0.8 1.99125e-09
          29         0.8         0.8 1.95662e-09
          30         0.8         0.8 1.92373e-09
          31         0.8         0.8           0
          32         0.8         0.8           0
          33         0.8         0.8           0
          34         0.8         0.8 2.55553e-09
          35         0.8         0.8 2.51876e-09
          36         0.8         0.8 2.48353e-09
          37         0.8         0.8 2.44974e-09
          38         0.8         0.8 2.41729e-09
          39         0.8         0.8  2.3861e-09
          40         0.8         0.8 2.35608e-09
          41         0.8         0.8 1.64556e-09
          42         0.8         0.8 1.62585e-09
          43         0.8         0.8 2.27241e-09
          44         0.8         0.8 2.24643e-09
          45         0.8         0.8 2.22133e-09
          46         0.8         0.8 2.19706e-09
          47         0.8         0.8 2.17356e-09
          48         0.8         0.8  2.1508e-09
          49         0.8         0.8 2.12874e-09
          50         0.8         0.8 2.98023e-09
          51         0.8         0.8 2.95087e-09
          52         0.8         0.8 2.92236e-09
          53         0.8         0.8 3.23633e-09
          54         0.8         0.8 3.51224e-09
          55         0.8         0.8 3.48016e-09
          56         0.8         0.8 3.72529e-09
          57         0.8         0.8 3.69247e-09
          58         0.8         0.8 3.91324e-09
          59         0.8         0.8  4.3379e-09
          60         0.8         0.8 4.30159e-09
          61         0.8         0.8 4.47442e-09
          62         0.8         0.8 4.43819e-09
          63         0.8         0.8  4.5986e-09
          64         0.8         0.8 4.56253e-09
          65         0.8         0.8  4.5273e-09
          66         0.8         0.8 4.67633e-09
          67         0.8         0.8  4.6413e-09
          68         0.8         0.8 4.60704e-09
          69         0.8         0.8 4.74618e-09
          70         0.8         0.8 4.71216e-09
          71         0.8         0.8 4.67886e-09
          72         0.8         0.8 4.96705e-09
          73         0.8         0.8 4.93292e-09
          74         0.8         0.8 4.89947e-09
          75         0.8         0.8 5.01648e-09
          76         0.8         0.8 4.98337e-09
          77         0.8         0.8  4.9509e-09
          78         0.8         0.8 4.91906e-09
          79         0.8         0.8 5.02953e-09
          80         0.8         0.8   4.998e-09
          81         0.8         0.8 4.96705e-09
          82         0.8         0.8 4.79758e-09
          83         0.8         0.8  4.7686e-09
          84         0.8         0.8  4.5986e-09
          85         0.8         0.8 4.27622e-09
          86         0.8         0.8 4.25128e-09
          87         0.8         0.8 4.07303e-09
          88         0.8         0.8 3.89094e-09
          89         0.8         0.8 3.86902e-09
          90         0.8         0.8 3.68367e-09
          91         0.8         0.8 3.31364e-09
          92         0.8         0.8 3.29558e-09
          93         0.8         0.8 2.89076e-09
          94         0.8         0.8 3.07387e-09
          95         0.8         0.8 2.86017e-09
          96         0.8         0.8 2.84524e-09
          97         0.8         0.8 2.39224e-09
          98         0.8         0.8    2.38e-09
          99         0.8         0.8 2.11796e-09
         100         0.8         0.8 2.35608e-09
         101         0.8         0.8 1.48272e-09
         102         0.8         0.8 1.47543e-09
         103         0.8         0.8 1.03821e-09
         104         0.8         0.8 1.03321e-09
         105         0.8         0.8 1.78103e-09
         106         0.8         0.8 1.77261e-09
         107         0.8         0.8 2.49511e-09
         108         0.8         0.8 2.48353e-09
         109         0.8         0.8 2.47211e-09
         110         0.8         0.8 2.84154e-09
         111         0.8         0.8 2.82871e-09
         112         0.8         0.8 3.30212e-09
         113         0.8         0.8 3.28747e-09
         114         0.8         0.8 3.27302e-09
         115         0.8         0.8 3.67638e-09
         116         0.8         0.8  3.6605e-09
         117         0.8         0.8 3.64482e-09
         118         0.8         0.8 3.87993e-09
         119         0.8         0.8  3.8636e-09
         120         0.8         0.8 3.84746e-09
         121         0.8         0.8 4.17531e-09
         122         0.8         0.8 4.15817e-09
         123         0.8         0.8 4.14123e-09
         124         0.8         0.8 4.33615e-09
         125         0.8         0.8 4.31877e-09
         126         0.8         0.8 4.30159e-09
         127         0.8         0.8 4.58046e-09
         128         0.8         0.8 4.56253e-09
         129         0.8         0.8 4.54481e-09
         130         0.8         0.8 4.80192e-09
         131         0.8         0.8 4.78356e-09
         132         0.8         0.8 4.76541e-09
         133         0.8         0.8 4.74746e-09
         134         0.8         0.8 4.90176e-09
         135         0.8         0.8 4.88357e-09
         136         0.8         0.8 4.86558e-09
         137         0.8         0.8 4.84779e-09
         138         0.8         0.8 5.07388e-09
         139         0.8         0.8  5.0556e-09
         140         0.8         0.8 5.03751e-09
         141         0.8         0.8  5.1741e-09
         142         0.8         0.8 5.15585e-09
         143         0.8         0.8 5.13779e-09
         144         0.8         0.8 5.11992e-09
         145         0.8         0.8 5.10224e-09
         146         0.8         0.8 5.30432e-09
         147         0.8         0.8 5.28625e-09
         148         0.8         0.8 5.26836e-09
         149         0.8         0.8 5.25065e-09
         150         0.8         0.8 5.44113e-09
         151         0.8         0.8 5.42309e-09
         152         0.8         0.8 5.40522e-09
         153         0.8         0.8 5.38753e-09
         154         0.8         0.8 5.37001e-09
         155         0.8         0.8 5.48484e-09
         156         0.8         0.8 5.46723e-09
         157         0.8         0.8 5.44979e-09
         158         0.8         0.8 5.43252e-09
         159         0.8         0.8 5.41541e-09
         160         0.8         0.8 5.58794e-09
         161         0.8         0.8 5.57055e-09
         162         0.8         0.8 5.55333e-09
         163         0.8         0.8 5.53627e-09
         164         0.8         0.8 5.51937e-09
         165         0.8         0.8 5.62357e-09
         166         0.8         0.8 5.60661e-09
         167         0.8         0.8 5.58979e-09
         168         0.8         0.8 5.57313e-09
         169         0.8         0.8 5.55662e-09
         170         0.8         0.8 5.54025e-09
         171         0.8         0.8  5.6976e-09
         172         0.8         0.8 5.68101e-09
         173         0.8         0.8 5.66457e-09
         174         0.8         0.8 5.64827e-09
         175         0.8         0.8 5.63211e-09
         176         0.8         0.8 5.61609e-09
         177         0.8         0.8 5.76576e-09
         178         0.8         0.8 5.74954e-09
         179         0.8         0.8 5.73346e-09
         180         0.8         0.8 5.71751e-09
         181         0.8         0.8 5.70169e-09
         182         0.8         0.8 5.68601e-09
         183         0.8         0.8 5.67045e-09
         184         0.8         0.8 5.76073e-09
         185         0.8         0.8 5.74514e-09
         186         0.8         0.8 5.72967e-09
         187         0.8         0.8 5.71433e-09
         188         0.8         0.8 5.69912e-09
         189         0.8         0.8 5.68402e-09
         190         0.8         0.8 5.66904e-09
         191         0.8         0.8 5.80634e-09
         192         0.8         0.8  5.7912e-09
         193         0.8         0.8 5.77618e-09
         194         0.8         0.8 5.76127e-09
         195         0.8         0.8 5.74648e-09
         196         0.8         0.8  5.7318e-09
         197         0.8         0.8 5.71723e-09
         198         0.8         0.8 5.70278e-09
         199         0.8         0.8 5.78568e-09
         200         0.8         0.8 5.77119e-09
         201         0.8         0.8 5.75682e-09
         202         0.8         0.8 5.74255e-09
         203         0.8         0.8 5.72839e-09
         204         0.8         0.8 5.71433e-09
         205         0.8         0.8 5.70038e-09
         206         0.8         0.8 5.68653e-09
         207         0.8         0.8 5.81286e-09
         208         0.8         0.8 5.79887e-09
         209         0.8         0.8 5.78499e-09
         210         0.8         0.8 5.77119e-09
         211         0.8         0.8  5.7575e-09
         212         0.8         0.8 5.74391e-09
         213         0.8         0.8 5.73041e-09
         214         0.8         0.8   5.717e-09
         215         0.8         0.8 5.70369e-09
         216         0.8         0.8 5.69047e-09
         217         0.8         0.8 5.81095e-09
         218         0.8         0.8 5.79761e-09
         219         0.8         0.8 5.78436e-09
         220         0.8         0.8 5.77119e-09
         221         0.8         0.8 5.75812e-09
         222         0.8         0.8 5.74514e-09
         223         0.8         0.8 5.73224e-09
         224         0.8         0.8 5.71943e-09
         225         0.8         0.8 5.70671e-09
         226         0.8         0.8 5.69407e-09
         227         0.8         0.8 5.76696e-09
         228         0.8         0.8  5.7543e-09
         229         0.8         0.8 5.74172e-09
         230         0.8         0.8 5.72922e-09
         231         0.8         0.8 5.71681e-09
         232         0.8         0.8 5.70447e-09
         233         0.8         0.8 5.69222e-09
         234         0.8         0.8 5.68004e-09
         235         0.8         0.8 5.66795e-09
         236         0.8         0.8 5.65592e-09
         237         0.8         0.8 5.64398e-09
         238         0.8         0.8 5.75501e-09
         239         0.8         0.8 5.74295e-09
         240         0.8         0.8 5.73098e-09
         241         0.8         0.8 5.71907e-09
         242         0.8         0.8 5.70725e-09
         243         0.8         0.8 5.69549e-09
         244         0.8         0.8 5.68381e-09
         245         0.8         0.8  5.6722e-09
         246         0.8         0.8 5.66066e-09
         247         0.8         0.8 5.64919e-09
         248         0.8         0.8 5.63778e-09
         249         0.8         0.8 5.62645e-09
         250         0.8         0.8 5.69373e-09
         251         0.8         0.8 5.68237e-09
         252         0.8         0.8 5.67109e-09
         253         0.8         0.8 5.65987e-09
         254         0.8         0.8 5.64872e-09
         255         0.8         0.8 5.63763e-09
         256         0.8         0.8 5.62661e-09
         257         0.8         0.8 5.61565e-09
         258         0.8         0.8 5.60476e-09
         259         0.8         0.8 5.59393e-09
         260         0.8         0.8 5.58316e-09
         261         0.8         0.8 5.57245e-09
         262         0.8         0.8 5.56181e-09
         263         0.8         0.8 5.66414e-09
         264         0.8         0.8  5.6534e-09
         265         0.8         0.8 5.64273e-09
         266         0.8         0.8 5.63211e-09
         267         0.8         0.8 5.62155e-09
         268         0.8         0.8 5.61105e-09
         269         0.8         0.8 5.60062e-09
         270         0.8         0.8 5.59023e-09
         271         0.8         0.8 5.57991e-09
         272         0.8         0.8 5.56964e-09
         273         0.8         0.8 5.55943e-09
         274         0.8         0.8 5.54928e-09
         275         0.8         0.8 5.53918e-09
         276         0.8         0.8 5.52914e-09
         277         0.8         0.8 5.51915e-09
         278         0.8         0.8 5.61689e-09
         279         0.8         0.8 5.60682e-09
         280         0.8         0.8  5.5968e-09
         281         0.8         0.8 5.58683e-09
         282         0.8         0.8 5.57692e-09
         283         0.8         0.8 5.56705e-09
         284         0.8         0.8 5.55724e-09
         285         0.8         0.8 5.54749e-09
         286         0.8         0.8 5.53778e-09
         287         0.8         0.8 5.52812e-09
         288         0.8         0.8 5.51852e-09
         289         0.8         0.8 5.50896e-09
         290         0.8         0.8 5.49946e-09
         291         0.8         0.8    5.49e-09
         292         0.8         0.8 5.48059e-09
         293         0.8         0.8 5.47123e-09
         294         0.8         0.8 5.46192e-09
         295         0.8         0.8 5.52124e-09
         296         0.8         0.8 5.51191e-09
         297         0.8         0.8 5.50262e-09
         298         0.8         0.8 5.49338e-09
         299         0.8         0.8 5.48418e-09
         300         0.8         0.8 5.47504e-09
         301         0.8         0.8 5.46593e-09
         302         0.8         0.8 5.45688e-09
         303         0.8         0.8 5.44786e-09
         304         0.8         0.8  5.4389e-09
         305         0.8         0.8 5.42997e-09
         306         0.8         0.8 5.42109e-09
         307         0.8         0.8 5.41226e-09
         308         0.8         0.8 5.40346e-09
         309         0.8         0.8 5.39471e-09
         310         0.8         0.8 5.38601e-09
         311         0.8         0.8 5.37734e-09
         312         0.8         0.8 5.36871e-09
         313         0.8         0.8 5.36013e-09
         314         0.8         0.8 5.44979e-09
         315         0.8         0.8 5.44113e-09
         316         0.8         0.8 5.43252e-09
         317         0.8         0.8 5.42394e-09
         318         0.8         0.8 5.41541e-09
         319         0.8         0.8 5.40691e-09
         320         0.8         0.8 5.39846e-09
         321         0.8         0.8 5.39004e-09
         322         0.8         0.8 5.31721e-09
         323         0.8         0.8 5.27651e-09
         324         0.8         0.8 5.26836e-09
         325         0.8         0.8  5.1949e-09
         326         0.8         0.8 5.12085e-09
         327         0.8         0.8  5.0797e-09
         328         0.8         0.8 5.07195e-09
         329         0.8         0.8 4.99716e-09
         330         0.8         0.8 4.95575e-09
         331         0.8         0.8 4.94826e-09
         332         0.8         0.8 4.87265e-09
         333         0.8         0.8 4.79631e-09
         334         0.8         0.8  4.7543e-09
         335         0.8         0.8  4.7472e-09
         336         0.8         0.8 4.70514e-09
         337         0.8         0.8 4.66296e-09
         338         0.8         0.8 4.65606e-09
         339         0.8         0.8 4.57821e-09
         340         0.8         0.8 4.49947e-09
         341         0.8         0.8 4.49287e-09
         342         0.8         0.8 4.44997e-09
         343         0.8         0.8 4.37003e-09
         344         0.8         0.8 4.36367e-09
         345         0.8         0.8 4.32026e-09
         346         0.8         0.8 4.23898e-09
         347         0.8         0.8 4.23286e-09
         348         0.8         0.8 4.15061e-09
         349         0.8         0.8 4.14466e-09
         350         0.8         0.8 4.10024e-09
         351         0.8         0.8  4.0164e-09
         352         0.8         0.8 4.01069e-09
         353         0.8         0.8 3.96554e-09
         354         0.8         0.8 3.87993e-09
         355         0.8         0.8 3.87446e-09
         356         0.8         0.8 3.78756e-09
         357         0.8         0.8 3.78225e-09
         358         0.8         0.8 3.73568e-09
         359         0.8         0.8 3.64663e-09
         360         0.8         0.8 3.64157e-09
         361         0.8         0.8 3.63652e-09
         362         0.8         0.8 3.63149e-09
         363         0.8         0.8 3.54115e-09
         364         0.8         0.8 3.44895e-09
         365         0.8         0.8 3.44422e-09
         366         0.8         0.8 3.39513e-09
         367         0.8         0.8  3.3905e-09
         368         0.8         0.8 3.29558e-09
         369         0.8         0.8 3.29112e-09
         370         0.8         0.8  3.2407e-09
         371         0.8         0.8  3.1425e-09
         372         0.8         0.8 3.13827e-09
         373         0.8         0.8 3.03761e-09
         374         0.8         0.8 3.03354e-09
         375         0.8         0.8 2.98023e-09
         376         0.8         0.8 2.97627e-09
         377         0.8         0.8 2.87153e-09
         378         0.8         0.8 2.86773e-09
         379         0.8         0.8 2.81234e-09
         380         0.8         0.8 2.70261e-09
         381         0.8         0.8 2.69906e-09
         382         0.8         0.8 2.58546e-09
         383         0.8         0.8 2.58208e-09
         384         0.8         0.8 2.52203e-09
         385         0.8         0.8 2.51876e-09
         386         0.8         0.8 2.39843e-09
         387         0.8         0.8 2.39533e-09
         388         0.8         0.8 2.33166e-09
         389         0.8         0.8 2.32867e-09
         390         0.8         0.8 2.26365e-09
         391         0.8         0.8 2.26075e-09
         392         0.8         0.8 2.12874e-09
         393         0.8         0.8 2.12603e-09
         394         0.8         0.8  2.0559e-09
         395         0.8         0.8  2.0533e-09
         396         0.8         0.8  1.9091e-09
         397         0.8         0.8  1.9067e-09
         398         0.8         0.8 1.82959e-09
         399         0.8         0.8  1.8273e-09
         400         0.8         0.8   1.666e-09
         401         0.8         0.8 1.57853e-09
         402         0.8         0.8  1.3904e-09
         403         0.8         0.8 1.38868e-09
         404         0.8         0.8 1.28407e-09
         405         0.8         0.8 1.28249e-09
         406         0.8         0.8 1.04586e-09
         407         0.8         0.8 1.04457e-09
         408         0.8         0.8 9.03516e-10
         409         0.8         0.8  9.0241e-10
         410         0.8         0.8 1.04074e-09
         411         0.8         0.8  7.3502e-10
         412         0.8         0.8 7.34128e-10
         413         0.8         0.8           0
         414         0.8         0.8           0
         415         0.8         0.8 5.17227e-10
         416         0.8         0.8 5.16605e-10
         417         0.8         0.8 8.93712e-10
         418         0.8         0.8 8.92643e-10
         419         0.8         0.8 8.91577e-10
         420         0.8         0.8 1.02828e-09
         421         0.8         0.8 1.02706e-09
         422         0.8         0.8 1.25639e-09
         423         0.8         0.8  1.2549e-09
         424         0.8         0.8 1.44733e-09
         425         0.8         0.8 1.44562e-09
         426         0.8         0.8 1.53152e-09
         427         0.8         0.8 1.52972e-09
         428         0.8         0.8 1.52793e-09
         429         0.8         0.8 1.68722e-09
         430         0.8         0.8 1.68526e-09
         431         0.8         0.8 1.75815e-09
         432         0.8         0.8 1.75612e-09
         433         0.8         0.8 1.75409e-09
         434         0.8         0.8 1.89245e-09
         435         0.8         0.8 1.89027e-09
         436         0.8         0.8 2.01847e-09
         437         0.8         0.8 2.01616e-09
         438         0.8         0.8 2.01385e-09
         439         0.8         0.8 2.07347e-09
         440         0.8         0.8 2.07111e-09
         441         0.8         0.8 2.18707e-09
         442         0.8         0.8 2.18459e-09
         443         0.8         0.8 2.18213e-09
         444         0.8         0.8 2.23629e-09
         445         0.8         0.8 2.23378e-09
         446         0.8         0.8 2.28637e-09
         447         0.8         0.8 2.28382e-09
         448         0.8         0.8 2.28127e-09
         449         0.8         0.8 2.38477e-09
         450         0.8         0.8 2.38212e-09
         451         0.8         0.8 2.43065e-09
         452         0.8         0.8 2.42796e-09
         453         0.8         0.8 2.42528e-09
         454         0.8         0.8 2.52153e-09
         455         0.8         0.8 2.51876e-09
         456         0.8         0.8 2.51599e-09
         457         0.8         0.8 2.56111e-09
         458         0.8         0.8 2.55832e-09
         459         0.8         0.8 2.64849e-09
         460         0.8         0.8 2.64561e-09
         461         0.8         0.8 2.64274e-09
         462         0.8         0.8 2.72939e-09
         463         0.8         0.8 2.72644e-09
         464         0.8         0.8  2.7235e-09
         465         0.8         0.8  2.7641e-09
         466         0.8         0.8 2.76113e-09
         467         0.8         0.8 2.75817e-09
         468         0.8         0.8 2.84002e-09
         469         0.8         0.8 2.83699e-09
         470         0.8         0.8 2.87535e-09
         471         0.8         0.8 2.87229e-09
         472         0.8         0.8 2.86925e-09
         473         0.8         0.8 2.94697e-09
         474         0.8         0.8 2.94386e-09
         475         0.8         0.8 2.94076e-09
         476         0.8         0.8 3.01602e-09
         477         0.8         0.8 3.01285e-09
         478         0.8         0.8  3.0097e-09
         479         0.8         0.8 3.04486e-09
         480         0.8         0.8 3.04169e-09
         481         0.8         0.8 3.03852e-09
         482         0.8         0.8 3.11033e-09
         483         0.8         0.8 3.10711e-09
         484         0.8         0.8  3.1039e-09
         485         0.8         0.8 3.13739e-09
         486         0.8         0.8 3.13416e-09
         487         0.8         0.8 3.13094e-09
         488         0.8         0.8 3.16389e-09
         489         0.8         0.8 3.16065e-09
         490         0.8         0.8 3.15743e-09
         491         0.8         0.8  3.2251e-09
         492         0.8         0.8 3.22182e-09
         493         0.8         0.8 3.21855e-09
         494         0.8         0.8 3.21529e-09
         495         0.8         0.8 3.24677e-09
         496         0.8         0.8 3.24349e-09
         497         0.8         0.8 3.24023e-09
         498         0.8         0.8 3.30513e-09
         499         0.8         0.8 3.30182e-09
         500         0.8         0.8 3.29851e-09
