#     BLOCK:   ACTUAL_TE:    TE_AVE:      ERROR:
           1    -179.373    -179.373           0
           2    -179.108     -179.24   0.0935486
           3     -178.32    -178.934    0.258051
           4    -179.958     -179.19    0.294419
           5    -178.604    -179.073    0.257826
           6    -179.308    -179.112    0.217823
           7    -178.889     -179.08    0.189019
           8    -179.478     -179.13    0.171801
           9    -178.857      -179.1    0.155354
          10    -179.189    -179.109    0.140078
          11    -179.503    -179.144    0.131848
          12    -179.543    -179.178    0.124985
          13    -179.778    -179.224    0.123622
          14    -179.103    -179.215    0.115091
          15    -179.187    -179.213    0.107434
          16    -178.704    -179.181    0.105335
          17    -179.264    -179.186   0.0992504
          18    -179.117    -179.182   0.0938118
          19    -179.319     -179.19   0.0891509
          20    -179.339    -179.197   0.0850064
          21     -179.33    -179.203   0.0811936
          22    -179.291    -179.207   0.0776015
          23    -179.782    -179.232   0.0781489
          24    -178.935     -179.22   0.0758698
          25    -179.364    -179.226   0.0730532
          26    -178.937    -179.215   0.0710855
          27    -179.018    -179.207   0.0688238
          28     -179.49    -179.218   0.0671008
          29    -179.108    -179.214   0.0648926
          30    -179.327    -179.218   0.0628396
          31    -179.387    -179.223   0.0610496
          32    -179.808    -179.241   0.0618176
          33    -179.089    -179.237   0.0601169
          34    -180.146    -179.263   0.0640183
          35    -179.017    -179.256   0.0625762
          36    -179.005    -179.249   0.0612261
          37    -178.801    -179.237   0.0607608
          38    -179.411    -179.242   0.0593337
          39    -179.183     -179.24   0.0578313
          40    -179.742    -179.253   0.0577317
          41     -179.51    -179.259   0.0566638
          42     -179.19    -179.257   0.0553388
          43    -179.052    -179.253   0.0542568
          44     -179.63    -179.261   0.0536955
          45    -179.412    -179.265   0.0526068
          46    -179.108    -179.261   0.0515733
          47    -178.578    -179.247   0.0524862
          48    -179.703    -179.256   0.0522456
          49    -179.326    -179.258   0.0511988
          50    -179.561    -179.264   0.0505328
          51    -179.207    -179.263   0.0495542
          52    -178.944    -179.256   0.0489782
          53    -179.207    -179.256   0.0480629
          54    -179.289    -179.256   0.0471768
          55    -179.051    -179.252   0.0464668
          56    -179.205    -179.252   0.0456446
          57    -179.091    -179.249   0.0449304
          58    -179.047    -179.245   0.0442901
          59    -178.369     -179.23   0.0459646
          60    -179.576    -179.236    0.045559
          61    -179.463     -179.24   0.0449638
          62    -179.493    -179.244   0.0444243
          63    -179.531    -179.249   0.0439524
          64    -179.447    -179.252   0.0433754
          65    -178.972    -179.247   0.0429209
          66    -179.169    -179.246    0.042287
          67    -179.926    -179.256   0.0428548
          68    -179.098    -179.254   0.0422874
          69     -179.04    -179.251   0.0417879
          70    -179.052    -179.248   0.0412875
          71    -179.358     -179.25   0.0407348
          72    -179.649    -179.255   0.0405456
          73    -179.415    -179.257   0.0400495
          74    -179.698    -179.263   0.0399487
          75    -178.602    -179.254   0.0403765
          76    -178.977    -179.251   0.0400094
          77     -178.95    -179.247   0.0396807
          78    -179.483     -179.25   0.0392868
          79    -179.731    -179.256   0.0392593
          80     -179.34    -179.257   0.0387826
          81    -180.011    -179.266   0.0394048
          82    -179.581     -179.27   0.0391104
          83    -178.613    -179.262   0.0394316
          84    -179.463    -179.265   0.0390346
          85    -178.994    -179.262    0.038705
          86    -179.287    -179.262   0.0382561
          87    -179.235    -179.261   0.0378176
          88    -179.584    -179.265   0.0375648
          89    -179.364    -179.266   0.0371592
          90    -178.995    -179.263   0.0368688
          91    -179.211    -179.263   0.0364681
          92    -179.697    -179.267   0.0363761
          93    -178.816    -179.263   0.0363079
          94    -179.421    -179.264   0.0359605
          95    -179.895    -179.271   0.0361901
          96    -179.376    -179.272   0.0358296
          97    -179.227    -179.271   0.0354632
          98    -178.713    -179.266   0.0355564
          99    -178.681     -179.26   0.0356839
         100    -179.258     -179.26    0.035327
         101    -179.711    -179.264    0.035259
         102    -179.157    -179.263   0.0349289
         103    -179.526    -179.266   0.0346828
         104    -179.224    -179.265   0.0343517
         105    -179.292    -179.266   0.0340254
         106    -179.042    -179.264   0.0337698
         107    -179.808    -179.269   0.0338348
         108        -179    -179.266   0.0336126
         109    -178.882    -179.263   0.0334884
         110    -179.103    -179.261   0.0332155
         111    -179.766    -179.266   0.0332257
         112    -179.593    -179.269   0.0330577
         113    -178.882    -179.265   0.0329414
         114    -179.706    -179.269    0.032878
         115    -179.339     -179.27   0.0325977
         116    -179.088    -179.268   0.0323544
         117    -180.107    -179.275   0.0328628
         118    -179.168    -179.274   0.0325969
         119      -178.9    -179.271   0.0324744
         120    -179.338    -179.272   0.0322085
         121     -179.38    -179.273   0.0319547
         122    -179.314    -179.273   0.0316946
         123    -179.163    -179.272   0.0314494
         124    -179.271    -179.272   0.0311958
         125    -178.674    -179.267   0.0313113
         126    -179.714    -179.271   0.0312629
         127    -179.653    -179.274   0.0311608
         128    -179.891    -179.279   0.0312881
         129    -179.143    -179.278   0.0310632
         130    -178.639    -179.273   0.0312106
         131    -178.924     -179.27    0.031086
         132    -179.304     -179.27   0.0308516
         133    -179.398    -179.271   0.0306346
         134    -178.843    -179.268   0.0305724
         135    -179.461     -179.27   0.0303792
         136    -179.265     -179.27   0.0301558
         137    -179.572    -179.272   0.0300166
         138    -179.181    -179.271   0.0298063
         139    -179.363    -179.272   0.0295992
         140    -179.204    -179.271   0.0293917
         141    -179.506    -179.273   0.0292306
         142    -179.499    -179.275   0.0290679
         143     -178.66     -179.27   0.0291804
         144    -179.431    -179.271    0.028999
         145    -179.341    -179.272    0.028803
         146    -179.375    -179.273   0.0286143
         147    -179.532    -179.274   0.0284741
         148    -180.151     -179.28   0.0288913
         149    -178.978    -179.278   0.0287686
         150    -179.586     -179.28   0.0286501
         151     -179.64    -179.283   0.0285592
         152    -179.339    -179.283   0.0283737
         153    -179.526    -179.285   0.0282326
         154    -179.175    -179.284   0.0280583
         155    -179.426    -179.285   0.0278923
         156    -179.207    -179.284    0.027718
         157    -179.266    -179.284   0.0275417
         158    -179.593    -179.286   0.0274368
         159    -179.133    -179.285   0.0272811
         160     -178.54     -179.28   0.0275057
         161    -179.713    -179.283   0.0274656
         162    -179.273    -179.283   0.0272961
         163    -178.728     -179.28   0.0273405
         164     -179.24    -179.279   0.0271749
         165     -179.41     -179.28   0.0270217
         166    -179.513    -179.282   0.0268952
         167    -179.933    -179.286   0.0270152
         168    -178.846    -179.283   0.0269808
         169     -179.22    -179.283   0.0268238
         170    -179.358    -179.283   0.0266696
         171    -179.978    -179.287    0.026822
         172    -178.902    -179.285   0.0267594
         173    -179.571    -179.286   0.0266557
         174    -179.355    -179.287   0.0265055
         175    -178.637    -179.283   0.0266131
         176    -179.053    -179.282    0.026494
         177     -178.94     -179.28   0.0264148
         178    -179.477    -179.281   0.0262896
         179    -178.934    -179.279    0.026214
         180    -179.017    -179.278   0.0261088
         181    -180.037    -179.282   0.0262997
         182     -179.65    -179.284   0.0262327
         183    -178.573     -179.28   0.0263756
         184    -179.304     -179.28   0.0262326
         185    -178.842    -179.278   0.0261977
         186    -178.975    -179.276   0.0261075
         187    -178.633    -179.273   0.0261934
         188    -179.165    -179.272   0.0260603
         189    -179.361    -179.273   0.0259267
         190    -179.212    -179.272   0.0257922
         191    -178.853     -179.27   0.0257503
         192     -179.41    -179.271   0.0256264
         193    -178.811    -179.268   0.0256041
         194    -179.665     -179.27   0.0255536
         195    -179.077    -179.269   0.0254419
         196    -179.359     -179.27   0.0253162
         197    -179.513    -179.271   0.0252177
         198    -179.563    -179.273   0.0251334
         199    -179.476    -179.274    0.025028
         200    -179.249    -179.274   0.0249031
         201    -179.324    -179.274   0.0247805
         202     -179.96    -179.277   0.0248899
         203    -179.238    -179.277    0.024768
         204    -179.612    -179.279   0.0247009
         205    -179.388    -179.279   0.0245862
         206    -179.401     -179.28    0.024474
         207    -179.559    -179.281    0.024393
         208    -179.241    -179.281   0.0242765
         209    -179.288    -179.281   0.0241604
         210    -179.336    -179.281   0.0240468
         211    -178.876    -179.279   0.0240094
         212    -179.613    -179.281   0.0239476
         213    -179.362    -179.281   0.0238382
         214    -178.074    -179.276   0.0243851
         215    -179.145    -179.275   0.0242793
         216     -179.62    -179.277   0.0242195
         217    -179.487    -179.278   0.0241273
         218    -179.153    -179.277   0.0240233
         219    -178.692    -179.274   0.0240615
         220     -178.93    -179.273    0.024003
         221    -179.373    -179.273   0.0238986
         222    -179.262    -179.273    0.023791
         223    -178.893    -179.271   0.0237453
         224     -179.41    -179.272   0.0236474
         225    -179.484    -179.273    0.023561
         226    -179.261    -179.273   0.0234569
         227      -178.9    -179.271   0.0234108
         228    -179.265    -179.271   0.0233082
         229    -179.429    -179.272   0.0232165
         230    -179.425    -179.273   0.0231251
         231    -178.993    -179.271   0.0230567
         232    -179.057     -179.27   0.0229759
         233    -179.377    -179.271   0.0228818
         234    -179.162     -179.27   0.0227887
         235    -179.144     -179.27    0.022698
         236    -179.602    -179.271   0.0226454
         237    -179.223    -179.271   0.0225508
         238    -179.465    -179.272   0.0224708
         239    -179.724    -179.274   0.0224562
         240    -179.764    -179.276   0.0224552
         241    -179.003    -179.275   0.0223905
         242    -179.065    -179.274   0.0223147
         243    -179.168    -179.273   0.0222272
         244    -178.621    -179.271   0.0222962
         245    -179.029     -179.27    0.022227
         246    -179.443    -179.271   0.0221479
         247    -179.515    -179.272   0.0220804
         248    -178.948     -179.27   0.0220298
         249    -179.715    -179.272   0.0220136
         250    -178.721     -179.27   0.0220355
         251    -178.665    -179.267   0.0220789
         252    -178.712    -179.265    0.022101
         253    -179.155    -179.265   0.0220179
         254    -178.994    -179.264    0.021957
         255    -179.415    -179.264   0.0218789
         256      -179.6    -179.266   0.0218328
         257    -179.215    -179.265   0.0217487
         258    -179.794    -179.267   0.0217607
         259    -179.487    -179.268   0.0216931
         260    -179.249    -179.268   0.0216098
         261    -179.124    -179.268   0.0215341
         262    -179.889     -179.27   0.0215821
         263    -179.528    -179.271   0.0215223
         264    -178.607    -179.268   0.0215873
         265    -178.869    -179.267   0.0215586
         266    -179.254    -179.267   0.0214776
         267    -179.137    -179.266   0.0214026
         268    -179.137    -179.266   0.0213282
         269    -178.968    -179.265   0.0212776
         270    -179.191    -179.265   0.0212005
         271    -179.235    -179.264   0.0211226
         272    -179.375    -179.265   0.0210488
         273    -179.325    -179.265   0.0209729
         274    -179.716    -179.267   0.0209608
         275    -179.583    -179.268   0.0209162
         276    -179.041    -179.267   0.0208565
         277    -179.613    -179.268   0.0208184
         278    -179.324    -179.269   0.0207445
         279    -179.516    -179.269   0.0206891
         280    -179.348     -179.27   0.0206172
         281     -178.71    -179.268   0.0206397
         282    -179.351    -179.268   0.0205686
         283    -179.795     -179.27   0.0205801
         284    -179.628    -179.271   0.0205462
         285    -179.837    -179.273   0.0205698
         286    -179.193    -179.273   0.0204998
         287    -179.198    -179.273     0.02043
         288    -179.709    -179.274   0.0204152
         289    -179.222    -179.274   0.0203453
         290    -179.437    -179.274   0.0202829
         291    -180.136    -179.277   0.0204281
         292    -179.303    -179.278   0.0203583
         293    -179.113    -179.277   0.0202965
         294    -179.297    -179.277   0.0202276
         295    -179.396    -179.277   0.0201631
         296    -179.422    -179.278   0.0201008
         297    -179.821     -179.28   0.0201162
         298    -179.069    -179.279    0.020061
         299    -179.255    -179.279   0.0199941
         300    -178.922    -179.278   0.0199629
         301    -178.858    -179.276   0.0199452
         302    -179.253    -179.276   0.0198793
         303    -178.818    -179.275   0.0198712
         304    -179.098    -179.274   0.0198144
         305    -179.706    -179.276      0.0198
         306    -179.506    -179.276   0.0197497
         307    -179.767    -179.278   0.0197498
         308    -179.831     -179.28   0.0197671
         309    -178.697    -179.278    0.019793
         310    -178.836    -179.276   0.0197804
         311    -179.262    -179.276   0.0197169
         312     -180.01    -179.279   0.0197934
         313    -179.154    -179.278   0.0197342
         314    -179.058    -179.278   0.0196838
         315    -179.536    -179.278   0.0196383
         316    -179.148    -179.278   0.0195805
         317    -179.726    -179.279   0.0195697
         318    -179.292    -179.279   0.0195082
         319    -179.836    -179.281   0.0195249
         320    -178.785     -179.28   0.0195254
         321    -179.482     -179.28   0.0194747
         322     -179.45    -179.281   0.0194214
         323    -179.602    -179.282   0.0193867
         324    -180.264    -179.285   0.0195622
         325    -179.127    -179.284    0.019508
         326    -179.214    -179.284   0.0194494
         327    -179.562    -179.285   0.0194085
         328    -179.538    -179.286   0.0193646
         329    -179.608    -179.287   0.0193305
         330    -178.885    -179.286   0.0193103
         331    -179.385    -179.286   0.0192542
         332    -179.434    -179.286   0.0192015
         333    -179.637    -179.287   0.0191727
         334    -179.145    -179.287     0.01912
         335    -179.749    -179.288   0.0191127
         336    -179.516    -179.289   0.0190679
         337    -179.505     -179.29   0.0190221
         338    -178.934    -179.289   0.0189949
         339    -179.386    -179.289    0.018941
         340    -179.368    -179.289   0.0188868
         341    -179.235    -179.289   0.0188321
         342    -179.133    -179.288   0.0187825
         343    -178.683    -179.287   0.0188107
         344    -179.561    -179.288   0.0187729
         345    -179.726    -179.289   0.0187614
         346    -179.091    -179.288   0.0187159
         347    -179.483    -179.289   0.0186703
         348    -179.033    -179.288   0.0186311
         349    -179.431    -179.288   0.0185822
         350    -179.594    -179.289   0.0185496
         351    -179.016    -179.289    0.018513
         352    -178.655    -179.287   0.0185476
         353    -179.488    -179.287   0.0185038
         354    -179.507    -179.288   0.0184619
         355    -179.009    -179.287   0.0184267
         356    -179.242    -179.287   0.0183753
         357    -179.589    -179.288   0.0183432
         358    -179.167    -179.288   0.0182951
         359    -179.455    -179.288   0.0182501
         360    -179.009    -179.287   0.0182159
         361    -178.732    -179.286   0.0182303
         362    -179.834    -179.287   0.0182428
         363    -179.655    -179.288   0.0182206
         364    -179.102    -179.288   0.0181778
         365    -178.952    -179.287   0.0181512
         366    -179.301    -179.287   0.0181016
         367    -178.948    -179.286   0.0180759
         368     -179.04    -179.285   0.0180391
         369    -179.458    -179.286   0.0179962
         370    -178.892    -179.285   0.0179791
         371    -179.295    -179.285   0.0179306
         372    -179.771    -179.286     0.01793
         373    -178.619    -179.284   0.0179708
         374    -180.163    -179.287   0.0180757
         375    -179.281    -179.287   0.0180275
         376     -179.32    -179.287   0.0179798
         377    -179.666    -179.288   0.0179603
         378    -179.182    -179.287   0.0179149
         379    -179.215    -179.287   0.0178687
         380    -178.942    -179.286   0.0178447
         381     -179.24    -179.286   0.0177983
         382    -179.011    -179.285   0.0177663
         383    -178.881    -179.284   0.0177512
         384    -179.258    -179.284   0.0177051
         385    -178.379    -179.282   0.0178147
         386    -179.675    -179.283   0.0177975
         387    -179.062    -179.282   0.0177607
         388    -179.084    -179.282   0.0177223
         389    -179.588    -179.283   0.0176942
         390    -179.101    -179.282    0.017655
         391    -179.339    -179.282   0.0176104
         392    -178.871    -179.281   0.0175967
         393    -179.193    -179.281   0.0175534
         394    -179.197    -179.281   0.0175102
         395    -179.441    -179.281   0.0174705
         396    -178.511    -179.279   0.0175342
         397    -179.752     -179.28   0.0175304
         398    -179.475    -179.281   0.0174932
         399    -179.447    -179.281   0.0174543
         400    -179.015    -179.281   0.0174234
         401    -179.706    -179.282   0.0174121
         402     -179.68    -179.283   0.0173969
         403    -178.956    -179.282   0.0173727
         404    -178.709    -179.281   0.0173875
         405    -179.708    -179.282   0.0173766
         406      -179.3    -179.282   0.0173339
         407    -179.252    -179.282   0.0172914
         408    -179.455    -179.282   0.0172543
         409    -179.588    -179.283   0.0172283
         410    -178.846    -179.282   0.0172192
         411    -179.297    -179.282   0.0171773
         412     -178.71     -179.28   0.0171917
         413    -179.243     -179.28   0.0171503
         414    -180.137    -179.282   0.0172332
         415    -179.324    -179.282    0.017192
         416     -179.35    -179.283   0.0171514
         417    -179.773    -179.284   0.0171506
         418    -179.046    -179.283    0.017119
         419    -178.945    -179.282   0.0170972
         420     -179.23    -179.282    0.017057
         421      -179.6    -179.283   0.0170331
         422     -179.51    -179.284   0.0170012
         423      -179.5    -179.284   0.0169687
         424    -178.756    -179.283   0.0169744
         425    -179.353    -179.283   0.0169352
         426    -179.197    -179.283   0.0168967
         427    -179.083    -179.282   0.0168636
         428     -179.63    -179.283   0.0168437
         429    -179.309    -179.283   0.0168046
         430    -179.255    -179.283   0.0167656
         431    -179.353    -179.283   0.0167275
         432    -178.819    -179.282   0.0167232
         433    -179.684    -179.283   0.0167103
         434    -178.852    -179.282   0.0167013
         435     -179.46    -179.283   0.0166679
         436    -178.355     -179.28   0.0167648
         437    -179.715    -179.281   0.0167558
         438    -179.453    -179.282   0.0167221
         439    -179.032    -179.281   0.0166937
         440    -179.543    -179.282   0.0166663
         441     -180.04    -179.284   0.0167171
         442    -179.593    -179.284   0.0166939
         443    -179.192    -179.284   0.0166575
         444    -179.401    -179.284   0.0166221
         445    -179.083    -179.284   0.0165908
         446    -178.768    -179.283   0.0165939
         447     -179.27    -179.283   0.0165568
         448    -179.234    -179.283   0.0165202
         449    -179.061    -179.282   0.0164908
         450    -178.913    -179.281   0.0164745
         451    -179.232    -179.281   0.0164384
         452    -179.226    -179.281   0.0164024
         453    -179.872    -179.282    0.016418
         454    -178.813    -179.281   0.0164144
         455    -179.241    -179.281   0.0163786
         456    -179.509    -179.282   0.0163503
         457    -178.863    -179.281   0.0163402
         458    -179.079     -179.28   0.0163105
         459    -178.409    -179.278   0.0163851
         460    -179.494    -179.279   0.0163562
         461    -179.181    -179.279   0.0163221
         462    -179.606    -179.279   0.0163021
         463     -178.86    -179.278    0.016292
         464    -179.125    -179.278   0.0162602
         465    -178.806    -179.277    0.016257
         466    -179.325    -179.277   0.0162224
         467    -179.003    -179.277   0.0161983
         468     -178.98    -179.276   0.0161761
         469    -179.035    -179.275   0.0161498
         470    -179.607    -179.276   0.0161308
         471    -178.607    -179.275   0.0161589
         472     -179.24    -179.275   0.0161248
         473    -179.351    -179.275   0.0160916
         474    -179.664    -179.276   0.0160785
         475    -179.335    -179.276   0.0160451
         476    -178.853    -179.275    0.016036
         477    -179.071    -179.274    0.016008
         478    -179.448    -179.275   0.0159787
         479    -178.742    -179.274    0.015984
         480    -179.476    -179.274   0.0159563
         481    -178.799    -179.273   0.0159537
         482    -179.398    -179.273   0.0159227
         483    -179.234    -179.273   0.0158899
         484     -178.91    -179.273   0.0158748
         485    -179.458    -179.273   0.0158467
         486      -179.2    -179.273   0.0158148
         487    -178.783    -179.272   0.0158143
         488    -179.173    -179.272   0.0157832
         489    -178.766    -179.271   0.0157847
         490    -179.529    -179.271   0.0157613
         491    -179.174    -179.271   0.0157304
         492    -179.155    -179.271   0.0157002
         493    -179.093     -179.27   0.0156725
         494    -179.548    -179.271   0.0156509
         495    -179.074     -179.27   0.0156243
         496    -179.389    -179.271   0.0155947
         497    -180.012    -179.272   0.0156344
         498     -179.33    -179.272   0.0156035
         499    -178.804    -179.271   0.0156004
         500    -179.284    -179.271   0.0155692
