#     BLOCK:   ACTUAL_KE:    KE_AVE:      ERROR:
           1     1.69262     1.69262           0
           2     1.63242     1.66252   0.0212846
           3     1.67345     1.66616    0.014498
           4     1.67861     1.66928   0.0112026
           5     1.64832     1.66508  0.00971431
           6     1.65924     1.66411  0.00814394
           7     1.63543     1.66001   0.0079447
           8     1.68847     1.66357  0.00770664
           9     1.60536      1.6571  0.00917135
          10     1.65519     1.65691  0.00825622
          11     1.67254     1.65833   0.0076269
          12      1.6838     1.66045  0.00728057
          13      1.6393     1.65883  0.00689998
          14     1.65251     1.65838  0.00642184
          15     1.64675      1.6576  0.00604029
          16     1.63991     1.65649  0.00576306
          17     1.71799     1.66011  0.00646036
          18     1.69368     1.66198  0.00636493
          19     1.65832     1.66178  0.00603283
          20     1.68895     1.66314  0.00588212
          21     1.66283     1.66313  0.00560203
          22     1.61856      1.6611  0.00570198
          23      1.6936     1.66252  0.00562646
          24     1.72413     1.66508  0.00594893
          25     1.66264     1.66498  0.00571178
          26     1.64859     1.66435  0.00552679
          27     1.65445     1.66399  0.00533427
          28     1.64528     1.66332  0.00518541
          29     1.68976     1.66423  0.00508611
          30     1.64751     1.66367  0.00494703
          31     1.64141     1.66296  0.00483929
          32     1.66105      1.6629  0.00468843
          33     1.65439     1.66264  0.00455344
          34     1.71236      1.6641  0.00464838
          35     1.66166     1.66403  0.00451609
          36     1.70102     1.66506  0.00450602
          37     1.64581     1.66454  0.00441416
          38     1.68855     1.66517  0.00434301
          39     1.66605     1.66519  0.00423171
          40     1.69451     1.66593  0.00418889
          41     1.70582      1.6669  0.00419824
          42     1.65578     1.66663  0.00410662
          43     1.68393     1.66704  0.00403077
          44      1.6983     1.66775  0.00400128
          45     1.68853     1.66821  0.00393893
          46     1.61186     1.66698  0.00403927
          47     1.63583     1.66632  0.00400733
          48      1.6863     1.66674   0.0039454
          49      1.7307     1.66804  0.00407512
          50     1.64487     1.66758  0.00401988
          51     1.69651     1.66815  0.00398089
          52     1.61497     1.66712  0.00403354
          53     1.67862     1.66734  0.00396327
          54     1.68755     1.66771   0.0039075
          55     1.63517     1.66712    0.003881
          56     1.64312     1.66669  0.00383528
          57     1.69633     1.66721  0.00380308
          58     1.71381     1.66802  0.00382144
          59      1.7304     1.66908  0.00390019
          60     1.68433     1.66933  0.00384347
          61     1.66245     1.66922  0.00378212
          62     1.65392     1.66897  0.00372915
          63     1.67474     1.66906  0.00367109
          64     1.68436      1.6693   0.0036215
          65     1.67496     1.66939  0.00356683
          66     1.65587     1.66918  0.00351866
          67     1.68707     1.66945  0.00347626
          68     1.65752     1.66927  0.00342957
          69     1.66321     1.66919  0.00338099
          70     1.65649     1.66901  0.00333755
          71     1.63183     1.66848  0.00333136
          72      1.6064     1.66762  0.00339485
          73     1.67908     1.66778  0.00335197
          74     1.68466       1.668  0.00331443
          75      1.6597     1.66789  0.00327208
          76     1.66095      1.6678   0.0032303
          77     1.59908     1.66691  0.00330936
          78     1.62903     1.66642  0.00330238
          79     1.68442     1.66665  0.00326842
          80     1.67199     1.66672  0.00322825
          81     1.63907     1.66638  0.00320639
          82     1.68782     1.66664  0.00317794
          83     1.71619     1.66724  0.00319524
          84     1.70547     1.66769  0.00318946
          85     1.66508     1.66766  0.00315209
          86     1.68075     1.66781  0.00311911
          87     1.65793      1.6677  0.00308532
          88      1.6723     1.66775   0.0030507
          89     1.66921     1.66777  0.00301647
          90     1.71597      1.6683  0.00303012
          91     1.60614     1.66762  0.00307285
          92     1.66715     1.66761  0.00303946
          93     1.69742     1.66794  0.00302363
          94     1.62978     1.66753  0.00301859
          95     1.67923     1.66765  0.00298932
          96     1.67223      1.6677  0.00295856
          97     1.65502     1.66757  0.00293095
          98     1.69992      1.6679  0.00291957
          99     1.64484     1.66767  0.00289936
         100     1.64514     1.66744   0.0028791
         101     1.64974     1.66727  0.00285592
         102     1.67793     1.66737  0.00282984
         103     1.66348     1.66733  0.00280261
         104     1.70075     1.66765  0.00279402
         105     1.68097     1.66778  0.00277029
         106     1.70552     1.66814  0.00276693
         107     1.64071     1.66788  0.00275292
         108     1.60834     1.66733  0.00278208
         109     1.70296     1.66766   0.0027757
         110     1.69533     1.66791  0.00276184
         111     1.66034     1.66784   0.0027378
         112     1.72463     1.66835  0.00275992
         113     1.64268     1.66812  0.00274482
         114     1.66022     1.66805  0.00272162
         115     1.64438     1.66784  0.00270573
         116     1.67494     1.66791  0.00268309
         117     1.65863     1.66783  0.00266133
         118     1.63434     1.66754  0.00265386
         119     1.70023     1.66782  0.00264574
         120     1.69914     1.66808  0.00263653
         121     1.65329     1.66796  0.00261758
         122     1.65725     1.66787  0.00259759
         123     1.65419     1.66776  0.00257885
         124     1.66979     1.66777  0.00255811
         125      1.7456      1.6684  0.00261232
         126     1.70403     1.66868  0.00260685
         127     1.64844     1.66852  0.00259118
         128     1.66366     1.66848  0.00257122
         129     1.68883     1.66864  0.00255612
         130     1.66555     1.66862  0.00253657
         131     1.63588     1.66837  0.00252949
         132     1.64322     1.66818  0.00251749
         133     1.65249     1.66806  0.00250132
         134     1.64182     1.66786  0.00249031
         135      1.6594      1.6678  0.00247265
         136     1.62592     1.66749  0.00247357
         137     1.65609     1.66741  0.00245691
         138     1.63837      1.6672   0.0024481
         139     1.60851     1.66678  0.00246663
         140     1.63035     1.66651  0.00246269
         141     1.61547     1.66615  0.00247169
         142     1.68618     1.66629   0.0024583
         143     1.69162     1.66647  0.00244748
         144     1.70799     1.66676  0.00244741
         145     1.64927     1.66664   0.0024335
         146     1.66367     1.66662  0.00241692
         147     1.66513     1.66661   0.0024005
         148     1.62196     1.66631  0.00240316
         149     1.67707     1.66638  0.00238811
         150     1.63722     1.66618  0.00238009
         151     1.70655     1.66645  0.00237929
         152     1.67434      1.6665  0.00236421
         153     1.66595      1.6665  0.00234876
         154     1.64784     1.66638  0.00233663
         155     1.66101     1.66634  0.00232181
         156      1.6816     1.66644  0.00230898
         157     1.62721     1.66619  0.00230776
         158     1.67437     1.66624  0.00229374
         159     1.65201     1.66615  0.00228106
         160     1.62888     1.66592  0.00227867
         161     1.66576     1.66592  0.00226451
         162     1.64779     1.66581   0.0022533
         163      1.6528     1.66573  0.00224089
         164     1.66758     1.66574  0.00222725
         165      1.6495     1.66564  0.00221593
         166     1.67194     1.66568   0.0022029
         167      1.6103     1.66535  0.00221453
         168     1.69729     1.66554   0.0022095
         169     1.68994     1.66568  0.00220113
         170      1.6569     1.66563  0.00218879
         171     1.67369     1.66568   0.0021765
         172     1.64987     1.66559  0.00216579
         173     1.64815     1.66549  0.00215561
         174     1.65005      1.6654  0.00214505
         175     1.66012     1.66537    0.002133
         176      1.6487     1.66527  0.00212298
         177     1.64494     1.66516  0.00211409
         178     1.66359     1.66515  0.00210224
         179     1.65089     1.66507    0.002092
         180     1.63915     1.66492  0.00208533
         181     1.63895     1.66478  0.00207874
         182     1.67896     1.66486  0.00206877
         183     1.64553     1.66475  0.00206016
         184     1.64083     1.66462  0.00205306
         185     1.69229     1.66477  0.00204741
         186     1.59706     1.66441  0.00206851
         187     1.67519     1.66447  0.00205825
         188     1.64446     1.66436  0.00205005
         189      1.6681     1.66438   0.0020393
         190     1.67331     1.66443  0.00202911
         191     1.66614     1.66444  0.00201851
         192     1.68868     1.66456  0.00201194
         193     1.65309      1.6645  0.00200239
         194      1.7268     1.66482  0.00201766
         195     1.63214     1.66466  0.00201426
         196     1.61441      1.6644  0.00202022
         197      1.6377     1.66426  0.00201451
         198     1.64249     1.66415  0.00200734
         199     1.67314      1.6642  0.00199776
         200     1.65743     1.66417  0.00198805
         201     1.61522     1.66392  0.00199302
         202     1.64024      1.6638   0.0019866
         203     1.67686     1.66387  0.00197786
         204     1.65412     1.66382  0.00196874
         205     1.64385     1.66372  0.00196154
         206      1.6707     1.66376  0.00195231
         207     1.68233     1.66385  0.00194494
         208     1.63264      1.6637  0.00194137
         209     1.68102     1.66378  0.00193385
         210     1.64328     1.66368   0.0019271
         211       1.681     1.66376  0.00191972
         212     1.68592     1.66387   0.0019135
         213     1.69297     1.66401  0.00190939
         214     1.69097     1.66413  0.00190462
         215     1.67333     1.66417  0.00189624
         216     1.69638     1.66432  0.00189331
         217     1.67176     1.66436   0.0018849
         218     1.70902     1.66456  0.00188735
         219      1.6655     1.66457  0.00187874
         220     1.66813     1.66458  0.00187027
         221     1.62829     1.66442    0.001869
         222      1.6555     1.66438  0.00186101
         223     1.66087     1.66436  0.00185274
         224      1.6636     1.66436  0.00184447
         225     1.68409     1.66445  0.00183835
         226     1.64522     1.66436  0.00183219
         227     1.65604     1.66433  0.00182448
         228      1.6936     1.66445  0.00182099
         229     1.70505     1.66463  0.00182165
         230     1.63993     1.66452  0.00181689
         231     1.68097     1.66459  0.00181042
         232     1.70054     1.66475  0.00180923
         233     1.64824     1.66468  0.00180285
         234     1.68812     1.66478  0.00179793
         235      1.6806     1.66485  0.00179154
         236     1.68911     1.66495   0.0017869
         237     1.69546     1.66508  0.00178399
         238     1.65422     1.66503  0.00177708
         239     1.63291      1.6649  0.00177472
         240     1.65164     1.66484  0.00176818
         241     1.69298     1.66496   0.0017647
         242     1.63635     1.66484  0.00176136
         243     1.66138     1.66483  0.00175417
         244     1.63968     1.66472     0.00175
         245     1.64986     1.66466  0.00174391
         246     1.68468     1.66474  0.00173872
         247     1.65052     1.66469  0.00173264
         248     1.66822      1.6647  0.00172571
         249     1.63839      1.6646  0.00172201
         250     1.68467     1.66468  0.00171699
         251      1.7091     1.66485  0.00171925
         252      1.6242     1.66469  0.00171998
         253     1.67695     1.66474  0.00171386
         254     1.64874     1.66468  0.00170827
         255     1.66081     1.66466  0.00170164
         256     1.62985     1.66453  0.00170042
         257     1.69182     1.66463  0.00169711
         258     1.64743     1.66457  0.00169184
         259      1.6207      1.6644  0.00169377
         260     1.65983     1.66438  0.00168734
         261     1.67634     1.66442   0.0016815
         262     1.65355     1.66438   0.0016756
         263     1.67652     1.66443  0.00166986
         264     1.64449     1.66435  0.00166524
         265       1.631     1.66423  0.00166371
         266     1.66411     1.66423  0.00165745
         267     1.62729     1.66409  0.00165701
         268     1.66294     1.66408  0.00165083
         269     1.66268     1.66408  0.00164471
         270     1.72476      1.6643   0.0016539
         271     1.65815     1.66428  0.00164795
         272     1.66887      1.6643  0.00164198
         273      1.6613     1.66429    0.001636
         274     1.65234     1.66424  0.00163061
         275     1.70166     1.66438  0.00163035
         276       1.704     1.66452  0.00163075
         277     1.68054     1.66458  0.00162589
         278     1.65099     1.66453  0.00162077
         279     1.63253     1.66442  0.00161902
         280     1.64695     1.66436  0.00161444
         281     1.59948     1.66412  0.00162512
         282     1.69279     1.66423  0.00162253
         283     1.67033     1.66425  0.00161694
         284     1.65466     1.66421   0.0016116
         285     1.72841     1.66444  0.00162161
         286     1.71774     1.66463  0.00162662
         287     1.68211     1.66469  0.00162209
         288     1.67137     1.66471  0.00161662
         289     1.62509     1.66457  0.00161683
         290     1.65816     1.66455  0.00161141
         291     1.66808     1.66456  0.00160592
         292     1.69237     1.66466  0.00160324
         293     1.67139     1.66468  0.00159793
         294     1.69394     1.66478  0.00159559
         295      1.6426      1.6647  0.00159195
         296     1.68569     1.66478  0.00158815
         297     1.69381     1.66487  0.00158581
         298      1.6825     1.66493  0.00158159
         299     1.63156     1.66482  0.00158024
         300     1.63863     1.66473  0.00157738
         301     1.67263     1.66476  0.00157236
         302      1.6702     1.66478  0.00156725
         303     1.73093       1.665  0.00157722
         304     1.64884     1.66494  0.00157292
         305     1.72429     1.66514  0.00157976
         306     1.67351     1.66517  0.00157483
         307     1.68565     1.66523  0.00157112
         308     1.66107     1.66522  0.00156607
         309     1.67873     1.66526  0.00156161
         310      1.6885     1.66534  0.00155837
         311      1.6678     1.66534  0.00155338
         312     1.64278     1.66527  0.00155009
         313     1.63929     1.66519  0.00154736
         314      1.6593     1.66517  0.00154254
         315      1.6646     1.66517  0.00153765
         316     1.64315      1.6651  0.00153436
         317     1.64924     1.66505  0.00153033
         318      1.6539     1.66501  0.00152592
         319     1.65463     1.66498  0.00152149
         320     1.70845     1.66512  0.00152278
         321     1.66857     1.66513  0.00151808
         322     1.68572     1.66519  0.00151471
         323      1.6289     1.66508  0.00151418
         324     1.66265     1.66507  0.00150953
         325     1.68375     1.66513  0.00150598
         326     1.68401     1.66519  0.00150247
         327     1.65344     1.66515   0.0014983
         328     1.62951     1.66504  0.00149767
         329      1.6843      1.6651  0.00149426
         330     1.63905     1.66502  0.00149182
         331     1.65042     1.66498  0.00148796
         332     1.62128     1.66485  0.00148929
         333     1.61422      1.6647  0.00149256
         334     1.68332     1.66475  0.00148913
         335     1.61385      1.6646  0.00149242
         336     1.67364     1.66463  0.00148822
         337     1.69325     1.66471  0.00148623
         338     1.65822     1.66469  0.00148195
         339     1.70676     1.66482  0.00148277
         340     1.65298     1.66478  0.00147882
         341     1.65074     1.66474  0.00147505
         342     1.65195      1.6647  0.00147121
         343     1.65811     1.66468  0.00146705
         344     1.70925     1.66481  0.00146849
         345     1.65488     1.66478  0.00146452
         346     1.65626     1.66476  0.00146049
         347     1.74349     1.66499   0.0014738
         348     1.71848     1.66514  0.00147756
         349     1.64105     1.66507  0.00147494
         350     1.65344     1.66504   0.0014711
         351     1.68173     1.66509  0.00146768
         352     1.67379     1.66511  0.00146372
         353     1.73396      1.6653  0.00147251
         354     1.63005     1.66521  0.00147171
         355     1.61643     1.66507  0.00147397
         356     1.63891     1.66499  0.00147166
         357      1.7032      1.6651  0.00147142
         358     1.68485     1.66516  0.00146834
         359     1.68876     1.66522  0.00146573
         360     1.62628     1.66511  0.00146564
         361     1.65555     1.66509  0.00146182
         362     1.64044     1.66502  0.00145937
         363     1.65972       1.665  0.00145542
         364     1.68068     1.66505  0.00145206
         365     1.63964     1.66498  0.00144975
         366     1.70606     1.66509  0.00145013
         367     1.71157     1.66522  0.00145169
         368     1.63297     1.66513  0.00145039
         369      1.6747     1.66516  0.00144669
         370     1.69373     1.66523  0.00144484
         371     1.66996     1.66525    0.001441
         372     1.65858     1.66523  0.00143724
         373     1.67823     1.66526  0.00143381
         374     1.66659     1.66527  0.00142998
         375     1.65879     1.66525  0.00142627
         376      1.6516     1.66521  0.00142294
         377     1.63205     1.66512  0.00142188
         378     1.69928     1.66521  0.00142099
         379     1.67271     1.66523  0.00141738
         380     1.62531     1.66513  0.00141754
         381     1.63312     1.66505   0.0014163
         382     1.68887     1.66511  0.00141397
         383     1.68493     1.66516  0.00141122
         384     1.63238     1.66507  0.00141013
         385     1.69257     1.66515  0.00140827
         386     1.68867     1.66521  0.00140594
         387     1.67217     1.66522  0.00140242
         388     1.71571     1.66535  0.00140483
         389     1.66601     1.66536  0.00140122
         390     1.65712     1.66534  0.00139779
         391     1.65131      1.6653  0.00139467
         392     1.66776     1.66531  0.00139113
         393     1.68306     1.66535  0.00138832
         394     1.67564     1.66538  0.00138504
         395     1.68948     1.66544  0.00138288
         396     1.64786     1.66539   0.0013801
         397     1.69784     1.66548  0.00137904
         398     1.67768     1.66551  0.00137592
         399     1.69769     1.66559  0.00137483
         400     1.64923     1.66555    0.001372
         401     1.64843      1.6655  0.00136925
         402     1.62989     1.66541   0.0013687
         403     1.67924     1.66545  0.00136574
         404     1.68259     1.66549  0.00136301
         405     1.65206     1.66546  0.00136005
         406     1.70461     1.66555  0.00136012
         407     1.62431     1.66545  0.00136055
         408     1.69031     1.66551  0.00135857
         409     1.68183     1.66555  0.00135584
         410     1.66438     1.66555  0.00135253
         411     1.63804     1.66548   0.0013509
         412     1.66732     1.66549  0.00134763
         413     1.65567     1.66546  0.00134457
         414     1.60157     1.66531  0.00135015
         415     1.63721     1.66524   0.0013486
         416      1.6423     1.66519  0.00134648
         417     1.60714     1.66505  0.00135043
         418     1.66165     1.66504  0.00134722
         419     1.64638       1.665  0.00134474
         420     1.64449     1.66495  0.00134243
         421     1.67527     1.66497  0.00133946
         422     1.66689     1.66498   0.0013363
         423     1.65534     1.66495  0.00133333
         424     1.68462       1.665  0.00133099
         425     1.67924     1.66503  0.00132828
         426     1.68908     1.66509  0.00132637
         427      1.6445     1.66504  0.00132414
         428      1.6334     1.66497   0.0013231
         429     1.68101       1.665  0.00132055
         430      1.6928     1.66507  0.00131906
         431     1.65043     1.66504  0.00131643
         432     1.66226     1.66503   0.0013134
         433     1.66121     1.66502   0.0013104
         434     1.69873      1.6651  0.00130968
         435     1.65896     1.66508  0.00130674
         436     1.67082      1.6651  0.00130381
         437     1.67644     1.66512  0.00130109
         438     1.63851     1.66506  0.00129954
         439     1.67638     1.66509  0.00129683
         440     1.67172      1.6651  0.00129397
         441     1.64569     1.66506  0.00129179
         442     1.64105       1.665     0.00129
         443     1.61766      1.6649  0.00129151
         444     1.69899     1.66497  0.00129088
         445     1.61656     1.66487  0.00129256
         446     1.73337     1.66502  0.00129876
         447     1.63923     1.66496  0.00129713
         448     1.67749     1.66499  0.00129454
         449     1.67554     1.66501  0.00129187
         450     1.69347     1.66508  0.00129054
         451     1.67173     1.66509  0.00128776
         452     1.68527     1.66514  0.00128569
         453     1.70422     1.66522  0.00128574
         454     1.67252     1.66524  0.00128301
         455     1.70197     1.66532  0.00128273
         456     1.66766     1.66532  0.00127993
         457     1.63912     1.66527  0.00127841
         458     1.69554     1.66533  0.00127732
         459     1.63973     1.66528  0.00127576
         460     1.66975     1.66529  0.00127302
         461     1.68161     1.66532  0.00127075
         462      1.6628     1.66532  0.00126802
         463     1.64673     1.66528  0.00126591
         464     1.71535     1.66538  0.00126778
         465      1.6793     1.66541   0.0012654
         466     1.64805     1.66538  0.00126324
         467     1.61949     1.66528  0.00126435
         468     1.65942     1.66527  0.00126171
         469     1.69366     1.66533  0.00126047
         470     1.69618     1.66539  0.00125949
         471     1.65118     1.66536  0.00125718
         472     1.63642      1.6653  0.00125601
         473     1.64822     1.66526  0.00125388
         474     1.63513      1.6652  0.00125284
         475     1.65055     1.66517  0.00125058
         476     1.62005     1.66508  0.00125154
         477     1.67783      1.6651  0.00124921
         478     1.67639     1.66513  0.00124682
         479     1.64508     1.66508  0.00124492
         480     1.68434     1.66512  0.00124297
         481      1.6257     1.66504  0.00124308
         482     1.62702     1.66496  0.00124301
         483     1.64204     1.66492  0.00124134
         484     1.69277     1.66497  0.00124011
         485     1.64642     1.66494  0.00123814
         486     1.66196     1.66493  0.00123561
         487     1.72521     1.66505  0.00123925
         488     1.65918     1.66504  0.00123677
         489     1.67383     1.66506  0.00123437
         490     1.63263     1.66499  0.00123363
         491     1.72778     1.66512  0.00123773
         492     1.67529     1.66514  0.00123538
         493     1.65031     1.66511  0.00123324
         494     1.68336     1.66515   0.0012313
         495     1.64388     1.66511  0.00122956
         496     1.65399     1.66508  0.00122729
         497     1.68222     1.66512   0.0012253
         498     1.60504       1.665  0.00122877
         499     1.68584     1.66504  0.00122701
         500     1.69282     1.66509  0.00122582
