#     BLOCK:   ACTUAL_P:     P_AVE:       ERROR:
           1     2.07511     2.07511           0
           2     2.28301     2.17906   0.0735014
           3     2.19412     2.18408   0.0491721
           4     2.09972     2.16299   0.0411544
           5     2.19362     2.16912   0.0333763
           6     2.18663     2.17203   0.0279409
           7     2.42999     2.20888   0.0416836
           8     1.95462      2.1771   0.0470554
           9     2.46647     2.20925   0.0516567
          10     2.23842     2.21217   0.0465733
          11     2.09003     2.20107   0.0436428
          12     2.14254     2.19619   0.0402775
          13     2.26916      2.2018   0.0375683
          14     2.24206     2.20468   0.0349947
          15     2.20639     2.20479   0.0326619
          16     2.30801     2.21124   0.0312512
          17     2.18785     2.20987   0.0294431
          18     2.11196     2.20443   0.0283053
          19     2.29232     2.20905    0.027191
          20     2.23266     2.21023    0.025857
          21     2.32248     2.21558   0.0251721
          22     2.40185     2.22405    0.025412
          23     2.25787     2.22552   0.0243497
          24     2.00625     2.21638   0.0249904
          25     2.26372     2.21827   0.0240624
          26     2.36043     2.22374   0.0237499
          27     2.25374     2.22485   0.0228963
          28     2.25952     2.22609    0.022112
          29     2.11101     2.22212   0.0217027
          30     2.46909     2.23035   0.0224865
          31     2.34401     2.23402    0.022058
          32      2.1201     2.23046   0.0216541
          33     2.14627     2.22791   0.0211476
          34     1.94652     2.21963   0.0220858
          35     2.12417     2.21691   0.0216225
          36     2.08202     2.21316   0.0213441
          37     2.25317     2.21424   0.0207946
          38     2.09008     2.21097   0.0205025
          39     2.14991     2.20941   0.0200365
          40     2.03152     2.20496    0.020023
          41     2.08566     2.20205   0.0197449
          42     2.26406     2.20353   0.0193299
          43     2.07492     2.20054   0.0191104
          44     2.19635     2.20044   0.0186763
          45     1.96698     2.19525   0.0189681
          46     2.57371     2.20348   0.0202617
          47     2.33726     2.20633   0.0200295
          48     2.05319     2.20314   0.0198647
          49     1.95156       2.198   0.0201118
          50     2.34965     2.20104    0.019937
          51     2.00019      2.1971   0.0199312
          52     2.45543     2.20207   0.0201576
          53     2.14212     2.20093    0.019809
          54     2.17498     2.20045   0.0194479
          55     2.32213     2.20267   0.0192198
          56     2.15459     2.20181   0.0188957
          57     1.95206     2.19743   0.0190654
          58     1.99851       2.194   0.0190427
          59     1.92568     2.18945   0.0192553
          60      2.1073     2.18808    0.018983
          61      2.2307     2.18878   0.0186847
          62     2.21876     2.18926   0.0183896
          63     2.20143     2.18946   0.0180987
          64     2.08494     2.18782   0.0178894
          65     2.05183     2.18573   0.0177361
          66     2.25937     2.18685   0.0175024
          67     2.19582     2.18698   0.0172417
          68      2.2841     2.18841   0.0170472
          69     2.17741     2.18825   0.0168009
          70      2.2439     2.18904   0.0165797
          71     2.33034     2.19103   0.0164652
          72     2.41643     2.19416   0.0165314
          73      2.2736     2.19525   0.0163407
          74     2.14411     2.19456   0.0161345
          75     2.37037      2.1969   0.0160888
          76      2.3687     2.19917   0.0160351
          77     2.54995     2.20372   0.0164612
          78     2.29403     2.20488   0.0162909
          79     2.20547     2.20489   0.0160847
          80     2.18299     2.20461   0.0158859
          81     2.28181     2.20557   0.0157184
          82     2.06247     2.20382   0.0156232
          83     1.99686     2.20133   0.0156327
          84     2.07744     2.19985    0.015516
          85      2.2239     2.20014   0.0153361
          86      2.0114     2.19794    0.015314
          87     2.08582     2.19665   0.0151921
          88     2.27724     2.19757    0.015047
          89     2.20124     2.19761    0.014878
          90     2.04953     2.19596   0.0148034
          91     2.57196      2.2001   0.0152064
          92     2.20414     2.20014   0.0150412
          93      2.0122     2.19812   0.0150146
          94     2.48839     2.20121   0.0151691
          95     2.24958     2.20172   0.0150179
          96      2.2948     2.20269   0.0148928
          97     2.32263     2.20392   0.0147905
          98     1.88637     2.20068   0.0149903
          99     2.23361     2.20101   0.0148426
         100     2.31786     2.20218   0.0147401
         101      2.3796     2.20394   0.0146984
         102     2.07388     2.20266   0.0146095
         103     2.10795     2.20174   0.0144966
         104     2.16132     2.20136   0.0143624
         105     2.04666     2.19988    0.014301
         106     2.12935     2.19922   0.0141816
         107      2.3348     2.20048   0.0141055
         108     2.46241     2.20291   0.0141819
         109     1.94255     2.20052   0.0142515
         110     2.02919     2.19896   0.0142068
         111     2.09832     2.19806   0.0141077
         112     1.85047     2.19495    0.014319
         113     2.14896     2.19455   0.0141981
         114     2.09599     2.19368   0.0140999
         115     2.27462     2.19439   0.0139948
         116     2.09304     2.19351   0.0139014
         117      2.1166     2.19285   0.0137981
         118     2.33921     2.19409   0.0137368
         119     2.09162     2.19323   0.0136483
         120     1.99035     2.19154   0.0136389
         121     2.15478     2.19124   0.0135296
         122     2.20448     2.19135   0.0134191
         123     2.26865     2.19198   0.0133247
         124     2.15542     2.19168   0.0132205
         125     1.87027     2.18911   0.0133625
         126     1.93615      2.1871   0.0134064
         127     2.21408     2.18732   0.0133025
         128      2.1279     2.18685   0.0132067
         129     2.02875     2.18563   0.0131611
         130     2.45309     2.18768   0.0132197
         131     2.53533     2.19034   0.0133825
         132     2.39916     2.19192   0.0133743
         133     2.21913     2.19212   0.0132753
         134     2.35212     2.19332   0.0132298
         135     2.23209      2.1936   0.0131349
         136       2.306     2.19443   0.0130643
         137     2.27316     2.19501   0.0129816
         138     2.27373     2.19558      0.0129
         139     2.41231     2.19714   0.0129011
         140     2.41861     2.19872   0.0129056
         141     2.27731     2.19927   0.0128261
         142     2.11926     2.19871   0.0127481
         143     2.06914      2.1978   0.0126912
         144      1.9676     2.19621   0.0127033
         145      2.3534     2.19729   0.0126619
         146     2.17214     2.19712   0.0125763
         147     2.27941     2.19768   0.0125032
         148     2.27724     2.19822   0.0124303
         149     2.13402     2.19778   0.0123543
         150     2.35026      2.1988   0.0123137
         151     1.97213      2.1973   0.0123233
         152     2.06094      2.1964   0.0122749
         153     2.17212     2.19624   0.0121957
         154      2.2962     2.19689   0.0121337
         155     2.14272     2.19654   0.0120605
         156     2.08352     2.19582   0.0120049
         157     2.24544     2.19614   0.0119326
         158     2.29426     2.19676   0.0118732
         159     2.42598      2.1982   0.0118858
         160      2.2711     2.19865   0.0118202
         161     2.09426     2.19801   0.0117646
         162     2.26097     2.19839   0.0116984
         163     2.28662     2.19894   0.0116391
         164     2.22666      2.1991   0.0115694
         165     2.22252     2.19925   0.0115001
         166     2.10887      2.1987   0.0114437
         167     2.35451     2.19963   0.0114132
         168     1.97319     2.19829   0.0114245
         169      2.2233     2.19843   0.0113579
         170     2.18582     2.19836   0.0112913
         171     2.08833     2.19772   0.0112436
         172     2.19359     2.19769   0.0111783
         173      2.2349     2.19791   0.0111157
         174     2.30962     2.19855   0.0110704
         175     2.38143      2.1996   0.0110563
         176     2.38116     2.20063   0.0110415
         177     2.28755     2.20112   0.0109901
         178     2.15725     2.20087   0.0109311
         179     2.21326     2.20094   0.0108702
         180     2.28965     2.20143    0.010821
         181     2.21832     2.20153   0.0107616
         182     2.25662     2.20183   0.0107068
         183     2.23929     2.20203   0.0106502
         184     2.27833     2.20245   0.0106004
         185     2.04173     2.20158   0.0105786
         186      2.4555     2.20295   0.0106095
         187     2.12147     2.20251   0.0105617
         188     2.26833     2.20286   0.0105113
         189     2.41184     2.20397   0.0105137
         190     2.30092     2.20448   0.0104707
         191     2.19147     2.20441   0.0104161
         192     2.14568      2.2041   0.0103664
         193     2.31926      2.2047   0.0103298
         194     1.89556      2.2031   0.0103988
         195      2.1864     2.20302   0.0103458
         196     2.43913     2.20422   0.0103629
         197     2.41914     2.20531   0.0103676
         198     2.33549     2.20597    0.010336
         199     2.17883     2.20584    0.010285
         200     2.25348     2.20607   0.0102363
         201     2.50563     2.20756   0.0102933
         202     2.24693     2.20776   0.0102442
         203     2.11667     2.20731   0.0102035
         204      2.1152     2.20686   0.0101635
         205     2.24886     2.20706    0.010116
         206     2.16497     2.20686    0.010069
         207     2.20033     2.20683   0.0100204
         208     2.43152     2.20791   0.0100302
         209     2.01587     2.20699   0.0100243
         210     2.30149     2.20744  0.00998661
         211     2.01693     2.20654  0.00998002
         212      2.0421     2.20576  0.00996304
         213     2.14608     2.20548   0.0099202
         214     2.12163     2.20509  0.00988158
         215     2.17543     2.20495  0.00983658
         216     1.95864     2.20381  0.00985692
         217     2.12784     2.20346  0.00981771
         218     2.04787     2.20275  0.00979858
         219     2.09698     2.20226  0.00976574
         220     2.09263     2.20177  0.00973405
         221     2.50789     2.20315  0.00978807
         222     2.33356     2.20374  0.00976159
         223     2.21812      2.2038  0.00971803
         224     2.02587     2.20301  0.00970706
         225     1.88236     2.20158  0.00976796
         226     2.20962     2.20162   0.0097248
         227     2.15951     2.20143  0.00968373
         228     2.06795     2.20085  0.00965894
         229     2.04472     2.20017  0.00964079
         230     2.37486     2.20093  0.00962875
         231     2.03406      2.2002  0.00961413
         232     1.96009     2.19917  0.00962824
         233     2.18667     2.19911  0.00958706
         234     2.04722     2.19847  0.00956804
         235     2.13851     2.19821  0.00953073
         236      2.2203      2.1983   0.0094908
         237     2.19249     2.19828  0.00945079
         238     2.28866     2.19866  0.00941871
         239     2.43487     2.19965  0.00943101
         240     2.22047     2.19973  0.00939211
         241     2.12235     2.19941  0.00935863
         242     2.28925     2.19978  0.00932731
         243     2.27061     2.20008  0.00929348
         244     2.23884     2.20023  0.00925675
         245     2.23162     2.20036  0.00921986
         246     2.16621     2.20022  0.00918342
         247      2.3358     2.20077  0.00916263
         248     2.24448     2.20095  0.00912738
         249     2.23832      2.2011  0.00909196
         250     2.10126      2.2007  0.00906435
         251     2.10176     2.20031  0.00903681
         252     2.34293     2.20087  0.00901865
         253     2.01063     2.20012   0.0090143
         254     2.24552      2.2003  0.00898058
         255     2.15761     2.20013  0.00894693
         256     2.33425     2.20065   0.0089273
         257     2.13104     2.20038  0.00889667
         258     2.14478     2.20017   0.0088648
         259     2.36918     2.20082  0.00885456
         260     2.17596     2.20073  0.00882102
         261     2.16713      2.2006  0.00878816
         262     2.24962     2.20078  0.00875661
         263     2.20313     2.20079  0.00872332
         264     2.45456     2.20175  0.00874308
         265      2.3667     2.20238  0.00873221
         266     2.30474     2.20276  0.00870786
         267     2.43122     2.20362  0.00871719
         268     2.25133      2.2038  0.00868648
         269     2.19585     2.20377  0.00865424
         270     1.89703     2.20263  0.00869643
         271     2.18331     2.20256  0.00866463
         272     2.12371     2.20227  0.00863762
         273     2.23418     2.20239  0.00860678
         274     2.17079     2.20227  0.00857614
         275     1.92946     2.20128  0.00860214
         276     1.97593     2.20046  0.00860963
         277     2.17955     2.20039  0.00857888
         278     2.21586     2.20044   0.0085482
         279     2.26501     2.20067   0.0085207
         280     2.29341       2.201   0.0084967
         281     2.46705     2.20195  0.00851905
         282     2.15881      2.2018  0.00849021
         283     2.32646     2.20224  0.00847163
         284     2.27986     2.20251  0.00844621
         285     1.92003     2.20152  0.00847453
         286      1.9267     2.20056   0.0084992
         287     2.05573     2.20006  0.00848456
         288     2.12492     2.19979  0.00845911
         289     2.31857     2.20021  0.00843981
         290     2.26575     2.20043  0.00841374
         291     2.02359     2.19982  0.00840674
         292     2.07656      2.1994  0.00838854
         293     2.13001     2.19916  0.00836325
         294      2.0551     2.19867  0.00834915
         295     2.34438     2.19917  0.00833544
         296     2.06488     2.19871  0.00831962
         297     2.02876     2.19814  0.00831127
         298     2.12015     2.19788   0.0082875
         299     2.26597     2.19811  0.00826291
         300     2.29668     2.19844  0.00824189
         301     2.13753     2.19823    0.008217
         302     2.14344     2.19805  0.00819179
         303     1.77909     2.19667  0.00828063
         304      2.1826     2.19662  0.00825352
         305     2.12174     2.19638  0.00823011
         306     2.31109     2.19675  0.00821175
         307     2.10235     2.19645  0.00819075
         308     2.13248     2.19624  0.00816679
         309     2.10721     2.19595  0.00814545
         310     2.06052     2.19551  0.00813088
         311     2.17468     2.19545  0.00810501
         312     2.37185     2.19601  0.00809873
         313     2.43024     2.19676  0.00810735
         314     2.27635     2.19701   0.0080855
         315     2.26508     2.19723  0.00806272
         316     2.32612     2.19764  0.00804751
         317     2.16644     2.19754  0.00802273
         318     2.32916     2.19795  0.00800817
         319     2.19745     2.19795  0.00798306
         320     1.97528     2.19726  0.00798839
         321     2.18568     2.19722  0.00796358
         322     2.10257     2.19693  0.00794427
         323     2.32448     2.19732  0.00792949
         324     2.26696     2.19754  0.00790793
         325      2.0734     2.19715  0.00789281
         326     2.06839     2.19676  0.00787848
         327     2.23625     2.19688  0.00785531
         328     2.42233     2.19757  0.00786138
         329     2.09859     2.19727  0.00784323
         330     2.25298     2.19743  0.00782128
         331     2.15995     2.19732  0.00779847
         332     2.25427     2.19749  0.00777687
         333     2.43374      2.1982  0.00778581
         334     2.12901       2.198  0.00776526
         335     2.38064     2.19854  0.00776119
         336     2.11912      2.1983  0.00774169
         337     1.97496     2.19764  0.00774704
         338     2.18135     2.19759  0.00772427
         339     1.95821     2.19689  0.00773369
         340     2.39522     2.19747  0.00773291
         341     2.24401     2.19761  0.00771144
         342     2.22847      2.1977  0.00768942
         343     2.18425     2.19766   0.0076671
         344     1.99961     2.19708   0.0076664
         345      2.4356     2.19777  0.00767529
         346     2.24379     2.19791  0.00765425
         347     1.77161     2.19668  0.00773016
         348     1.93877     2.19594  0.00774339
         349     2.12695     2.19574  0.00772372
         350     2.20613     2.19577  0.00770171
         351     2.18327     2.19573  0.00767985
         352     2.30859     2.19605  0.00766473
         353     1.99942      2.1955  0.00766323
         354      2.4676     2.19627  0.00768003
         355     2.47533     2.19705  0.00769852
         356     2.27103     2.19726   0.0076797
         357     2.01526     2.19675  0.00767509
         358     2.07037      2.1964  0.00766177
         359     2.27607     2.19662  0.00764364
         360     2.33506       2.197  0.00763208
         361     2.33519     2.19739  0.00762053
         362     2.43995     2.19806  0.00762888
         363     2.27556     2.19827  0.00761085
         364     2.44714     2.19895  0.00762059
         365     2.23219     2.19904  0.00760025
         366     1.90506     2.19824  0.00762182
         367     1.91316     2.19746  0.00764053
         368     2.37729     2.19795  0.00763538
         369     2.11132     2.19772   0.0076183
         370     1.94879     2.19705  0.00762735
         371       2.104     2.19679  0.00761092
         372     2.14977     2.19667  0.00759151
         373      1.9897     2.19611  0.00759141
         374     2.09548     2.19584  0.00757588
         375     2.21094     2.19588  0.00755578
         376     2.31886     2.19621  0.00754276
         377     2.15928     2.19611  0.00752339
         378     2.04872     2.19572  0.00751358
         379     2.28511     2.19596  0.00749746
         380     2.43152     2.19658  0.00750331
         381     2.37002     2.19703  0.00749742
         382     2.16394     2.19695  0.00747829
         383     2.09879     2.19669  0.00746315
         384     2.25602     2.19685  0.00744532
         385     2.00181     2.19634  0.00744319
         386     1.99166     2.19581  0.00744277
         387     2.13488     2.19565  0.00742521
         388     1.94673     2.19501  0.00743373
         389     2.00182     2.19451  0.00743119
         390     2.19366     2.19451  0.00741214
         391     2.20157     2.19453   0.0073932
         392     2.06728     2.19421  0.00738147
         393     2.10225     2.19397  0.00736639
         394     2.11353     2.19377  0.00735053
         395     2.09675     2.19352  0.00733602
         396     2.27944     2.19374   0.0073207
         397      2.1016     2.19351  0.00730594
         398     2.12971     2.19335  0.00728934
         399     2.04436     2.19297  0.00728063
         400     2.26778     2.19316  0.00726483
         401     2.18703     2.19314  0.00724673
         402     2.53197     2.19399  0.00727755
         403     2.18078     2.19395  0.00725957
         404     2.18201     2.19392  0.00724166
         405     2.21414     2.19397  0.00722395
         406     1.91939      2.1933  0.00723774
         407     2.38952     2.19378    0.007236
         408     2.09442     2.19354  0.00722236
         409     2.09308     2.19329  0.00720888
         410     2.05698     2.19296  0.00719896
         411     2.32412     2.19328  0.00718851
         412     2.13421     2.19313  0.00717249
         413     2.21964      2.1932  0.00715541
         414     2.48907     2.19391  0.00717373
         415      2.3775     2.19436  0.00717007
         416     2.35764     2.19475  0.00716357
         417     2.42911     2.19531  0.00716841
         418     2.07488     2.19502  0.00715704
         419     2.21925     2.19508   0.0071402
         420     2.16963     2.19502  0.00712345
         421     2.07838     2.19474  0.00711192
         422     2.19455     2.19474  0.00709507
         423     2.23028     2.19483  0.00707879
         424     2.13499     2.19468   0.0070635
         425      2.1069     2.19448   0.0070499
         426     2.24211     2.19459  0.00703424
         427      2.1503     2.19449  0.00701853
         428     2.34404     2.19484  0.00701082
         429      2.1083     2.19463  0.00699738
         430     2.05358     2.19431  0.00698879
         431     2.21974     2.19437  0.00697283
         432     2.07185     2.19408  0.00696245
         433     2.10052     2.19387  0.00694972
         434     2.03273     2.19349  0.00694362
         435     2.31925     2.19378  0.00693368
         436     2.16547     2.19372  0.00691808
         437     2.15515     2.19363  0.00690281
         438      2.3434     2.19397  0.00689551
         439     2.21046     2.19401  0.00687991
         440     2.17014     2.19396  0.00686449
         441     2.16196     2.19388   0.0068493
         442     2.23926     2.19399  0.00683458
         443      2.3145     2.19426  0.00682456
         444     2.05663     2.19395  0.00681623
         445     2.51829     2.19468  0.00683977
         446     1.94261     2.19411  0.00684774
         447     2.44732     2.19468  0.00685581
         448     2.28962     2.19489  0.00684378
         449     2.13234     2.19475  0.00682996
         450     2.05751     2.19445  0.00682159
         451     2.23837     2.19454  0.00680716
         452     2.09679     2.19433  0.00679553
         453     1.99283     2.19388  0.00679507
         454     2.04105     2.19354  0.00678844
         455     2.00377     2.19313  0.00678632
         456     2.25726     2.19327  0.00677289
         457     2.34661      2.1936  0.00676638
         458     2.17474     2.19356  0.00675173
         459     2.39236       2.194   0.0067509
         460     2.20696     2.19402  0.00673628
         461     2.10483     2.19383  0.00672445
         462     2.23203     2.19391   0.0067104
         463     2.32006     2.19419  0.00670144
         464      1.9152     2.19358  0.00671391
         465     2.09286     2.19337  0.00670297
         466     2.24285     2.19347  0.00668942
         467     2.31602     2.19374  0.00668024
         468     2.20635     2.19376  0.00666602
         469     2.14037     2.19365  0.00665278
         470     2.19425     2.19365  0.00663863
         471      2.2133     2.19369  0.00662466
         472     2.23745     2.19379  0.00661128
         473     2.17797     2.19375  0.00659739
         474     2.32875     2.19404  0.00658961
         475     2.29736     2.19425  0.00657933
         476     2.38435     2.19465  0.00657761
         477     2.20628     2.19468  0.00656387
         478     2.20622      2.1947  0.00655018
         479      2.3384       2.195  0.00654337
         480     2.13535     2.19488  0.00653092
         481     2.50634     2.19553  0.00654937
         482     2.27971      2.1957  0.00653811
         483     2.22317     2.19576  0.00652482
         484     2.02882     2.19541  0.00652045
         485     2.31832     2.19567  0.00651193
         486     2.27207     2.19582  0.00650042
         487     1.88086     2.19518  0.00651917
         488      2.2443     2.19528  0.00650659
         489     2.11166     2.19511  0.00649553
         490     2.32628     2.19537  0.00648779
         491     1.91033     2.19479  0.00650049
         492     2.15665     2.19472  0.00648774
         493     2.20353     2.19473  0.00647461
         494     2.09201     2.19453  0.00646484
         495     2.37937      2.1949  0.00646256
         496     2.12757     2.19476  0.00645095
         497     2.04756     2.19447  0.00644477
         498     2.51062      2.1951  0.00646302
         499     2.04075     2.19479  0.00645747
         500     1.94029     2.19428  0.00646458
