#     BLOCK:   ACTUAL_T:     T_AVE:       ERROR:
           1     1.12841     1.12841           0
           2     1.08828     1.10835   0.0141898
           3     1.11563     1.11078  0.00966536
           4     1.11907     1.11285  0.00746839
           5     1.09888     1.11006  0.00647621
           6     1.10616     1.10941  0.00542929
           7     1.09029     1.10668  0.00529646
           8     1.12564     1.10905  0.00513776
           9     1.07024     1.10473  0.00611424
          10     1.10346     1.10461  0.00550414
          11     1.11503     1.10555   0.0050846
          12     1.12253     1.10697  0.00485371
          13     1.09287     1.10588  0.00459999
          14     1.10168     1.10558  0.00428123
          15     1.09783     1.10507  0.00402686
          16     1.09327     1.10433  0.00384204
          17     1.14533     1.10674  0.00430691
          18     1.12912     1.10798  0.00424329
          19     1.10555     1.10786  0.00402189
          20     1.12597     1.10876  0.00392141
          21     1.10856     1.10875  0.00373469
          22     1.07904      1.1074  0.00380132
          23     1.12907     1.10834  0.00375097
          24     1.14942     1.11006  0.00396595
          25     1.10843     1.10999  0.00380785
          26     1.09906     1.10957  0.00368453
          27     1.10296     1.10932  0.00355618
          28     1.09686     1.10888  0.00345694
          29      1.1265     1.10949  0.00339074
          30     1.09834     1.10912  0.00329802
          31     1.09427     1.10864  0.00322619
          32     1.10737      1.1086  0.00312562
          33     1.10293     1.10843  0.00303562
          34     1.14157      1.1094  0.00309892
          35     1.10777     1.10935  0.00301073
          36     1.13401     1.11004  0.00300401
          37     1.09721     1.10969  0.00294277
          38      1.1257     1.11011  0.00289534
          39      1.1107     1.11013  0.00282114
          40     1.12967     1.11062  0.00279259
          41     1.13722     1.11127  0.00279883
          42     1.10385     1.11109  0.00273775
          43     1.12262     1.11136  0.00268718
          44      1.1322     1.11183  0.00266752
          45     1.12569     1.11214  0.00262595
          46     1.07457     1.11132  0.00269285
          47     1.09056     1.11088  0.00267155
          48      1.1242     1.11116  0.00263026
          49      1.1538     1.11203  0.00271675
          50     1.09658     1.11172  0.00267992
          51     1.13101      1.1121  0.00265393
          52     1.07665     1.11142  0.00268903
          53     1.11908     1.11156  0.00264218
          54     1.12503     1.11181    0.002605
          55     1.09012     1.11142  0.00258733
          56     1.09541     1.11113  0.00255686
          57     1.13089     1.11148  0.00253539
          58     1.14254     1.11201  0.00254762
          59      1.1536     1.11272  0.00260013
          60     1.12289     1.11289  0.00256231
          61      1.1083     1.11281  0.00252141
          62     1.10261     1.11265   0.0024861
          63      1.1165     1.11271  0.00244739
          64     1.12291     1.11287  0.00241433
          65     1.11664     1.11293  0.00237789
          66     1.10391     1.11279  0.00234577
          67     1.12472     1.11297  0.00231751
          68     1.10501     1.11285  0.00228638
          69     1.10881     1.11279  0.00225399
          70     1.10433     1.11267  0.00222503
          71     1.08789     1.11232  0.00222091
          72     1.07093     1.11175  0.00226323
          73     1.11939     1.11185  0.00223465
          74      1.1231       1.112  0.00220962
          75     1.10647     1.11193  0.00218139
          76      1.1073     1.11187  0.00215354
          77     1.06605     1.11127  0.00220624
          78     1.08602     1.11095  0.00220158
          79     1.12295      1.1111  0.00217895
          80     1.11466     1.11115  0.00215217
          81     1.09271     1.11092   0.0021376
          82     1.12521     1.11109  0.00211863
          83     1.14413     1.11149  0.00213016
          84     1.13698     1.11179  0.00212631
          85     1.11005     1.11177  0.00210139
          86      1.1205     1.11187   0.0020794
          87     1.10529      1.1118  0.00205688
          88     1.11486     1.11183   0.0020338
          89     1.11281     1.11185  0.00201098
          90     1.14398      1.1122  0.00202008
          91     1.07076     1.11175  0.00204857
          92     1.11143     1.11174  0.00202631
          93     1.13162     1.11196  0.00201575
          94     1.08652     1.11169  0.00201239
          95     1.11948     1.11177  0.00199288
          96     1.11482      1.1118  0.00197238
          97     1.10335     1.11171  0.00195397
          98     1.13328     1.11193  0.00194638
          99     1.09656     1.11178   0.0019329
         100     1.09676     1.11163   0.0019194
         101     1.09983     1.11151  0.00190395
         102     1.11862     1.11158  0.00188656
         103     1.10899     1.11156  0.00186841
         104     1.13383     1.11177  0.00186268
         105     1.12064     1.11185  0.00184686
         106     1.13701     1.11209  0.00184462
         107     1.09381     1.11192  0.00183528
         108     1.07223     1.11155  0.00185472
         109     1.13531     1.11177  0.00185046
         110     1.13022     1.11194  0.00184123
         111     1.10689     1.11189   0.0018252
         112     1.14976     1.11223  0.00183995
         113     1.09512     1.11208  0.00182988
         114     1.10681     1.11203  0.00181441
         115     1.09625      1.1119  0.00180382
         116     1.11662     1.11194  0.00178873
         117     1.10576     1.11188  0.00177422
         118     1.08956      1.1117  0.00176924
         119     1.13349     1.11188  0.00176382
         120     1.13276     1.11205  0.00175769
         121     1.10219     1.11197  0.00174505
         122     1.10483     1.11191  0.00173173
         123     1.10279     1.11184  0.00171924
         124     1.11319     1.11185  0.00170541
         125     1.16373     1.11226  0.00174155
         126     1.13602     1.11245   0.0017379
         127     1.09896     1.11235  0.00172746
         128     1.10911     1.11232  0.00171415
         129     1.12589     1.11243  0.00170408
         130     1.11037     1.11241  0.00169105
         131     1.09059     1.11224  0.00168633
         132     1.09548     1.11212  0.00167833
         133     1.10166     1.11204  0.00166755
         134     1.09455     1.11191   0.0016602
         135     1.10627     1.11187  0.00164843
         136     1.08395     1.11166  0.00164905
         137     1.10406     1.11161  0.00163794
         138     1.09225     1.11146  0.00163207
         139     1.07234     1.11118  0.00164442
         140      1.0869     1.11101  0.00164179
         141     1.07698     1.11077  0.00164779
         142     1.12412     1.11086  0.00163887
         143     1.12775     1.11098  0.00163165
         144     1.13866     1.11117  0.00163161
         145     1.09951     1.11109  0.00162234
         146     1.10911     1.11108  0.00161128
         147     1.11009     1.11107  0.00160033
         148     1.08131     1.11087   0.0016021
         149     1.11805     1.11092  0.00159208
         150     1.09148     1.11079  0.00158673
         151      1.1377     1.11097   0.0015862
         152     1.11623       1.111  0.00157614
         153     1.11064       1.111  0.00156584
         154     1.09856     1.11092  0.00155775
         155     1.10734      1.1109  0.00154787
         156     1.12106     1.11096  0.00153932
         157     1.08481     1.11079  0.00153851
         158     1.11625     1.11083  0.00152916
         159     1.10134     1.11077   0.0015207
         160     1.08592     1.11061  0.00151911
         161     1.11051     1.11061  0.00150968
         162     1.09853     1.11054   0.0015022
         163     1.10187     1.11049  0.00149392
         164     1.11172     1.11049  0.00148483
         165     1.09967     1.11043  0.00147728
         166     1.11463     1.11045   0.0014686
         167     1.07353     1.11023  0.00147635
         168     1.13152     1.11036    0.001473
         169     1.12662     1.11045  0.00146742
         170      1.1046     1.11042  0.00145919
         171     1.11579     1.11045    0.001451
         172     1.09991     1.11039  0.00144386
         173     1.09876     1.11032  0.00143707
         174     1.10003     1.11026  0.00143003
         175     1.10675     1.11024    0.001422
         176     1.09913     1.11018  0.00141532
         177     1.09663      1.1101   0.0014094
         178     1.10906      1.1101  0.00140149
         179     1.10059     1.11005  0.00139467
         180     1.09277     1.10995  0.00139022
         181     1.09264     1.10985  0.00138582
         182      1.1193     1.10991  0.00137918
         183     1.09702     1.10984  0.00137344
         184     1.09389     1.10975  0.00136871
         185      1.1282     1.10985  0.00136494
         186     1.06471     1.10961  0.00137901
         187     1.11679     1.10964  0.00137217
         188     1.09631     1.10957   0.0013667
         189     1.11207     1.10959  0.00135954
         190     1.11554     1.10962  0.00135274
         191     1.11076     1.10962  0.00134567
         192     1.12579     1.10971  0.00134129
         193     1.10206     1.10967  0.00133493
         194      1.1512     1.10988   0.0013451
         195      1.0881     1.10977  0.00134284
         196     1.07628      1.1096  0.00134682
         197      1.0918     1.10951  0.00134301
         198     1.09499     1.10944  0.00133822
         199     1.11542     1.10947  0.00133184
         200     1.10495     1.10944  0.00132537
         201     1.07681     1.10928  0.00132868
         202     1.09349      1.1092   0.0013244
         203     1.11791     1.10925  0.00131857
         204     1.10275     1.10921  0.00131249
         205      1.0959     1.10915   0.0013077
         206      1.1138     1.10917  0.00130154
         207     1.12155     1.10923  0.00129663
         208     1.08843     1.10913  0.00129425
         209     1.12068     1.10919  0.00128923
         210     1.09552     1.10912  0.00128474
         211     1.12066     1.10918  0.00127981
         212     1.12394     1.10925  0.00127567
         213     1.12864     1.10934  0.00127293
         214     1.12731     1.10942  0.00126975
         215     1.11555     1.10945  0.00126416
         216     1.13092     1.10955  0.00126221
         217     1.11451     1.10957   0.0012566
         218     1.13934     1.10971  0.00125824
         219     1.11033     1.10971  0.00125249
         220     1.11209     1.10972  0.00124685
         221     1.08553     1.10961    0.001246
         222     1.10367     1.10959  0.00124068
         223     1.10725     1.10958  0.00123516
         224     1.10907     1.10957  0.00122965
         225     1.12272     1.10963  0.00122557
         226     1.09682     1.10957  0.00122146
         227     1.10402     1.10955  0.00121632
         228     1.12906     1.10964  0.00121399
         229      1.1367     1.10975  0.00121443
         230     1.09328     1.10968  0.00121126
         231     1.12064     1.10973  0.00120695
         232     1.13369     1.10983  0.00120615
         233     1.09883     1.10979   0.0012019
         234     1.12541     1.10985  0.00119862
         235      1.1204      1.1099  0.00119436
         236     1.12608     1.10997  0.00119126
         237     1.13031     1.11005  0.00118933
         238     1.10281     1.11002  0.00118472
         239      1.0886     1.10993  0.00118314
         240     1.10109      1.1099  0.00117879
         241     1.12866     1.10997  0.00117646
         242      1.0909     1.10989  0.00117424
         243     1.10759     1.10988  0.00116945
         244     1.09312     1.10982  0.00116667
         245      1.0999     1.10978  0.00116261
         246     1.12312     1.10983  0.00115915
         247     1.10034     1.10979  0.00115509
         248     1.11214      1.1098  0.00115047
         249     1.09226     1.10973  0.00114801
         250     1.12312     1.10978  0.00114466
         251      1.1394      1.1099  0.00114617
         252      1.0828     1.10979  0.00114665
         253     1.11797     1.10983  0.00114258
         254     1.09916     1.10978  0.00113885
         255     1.10721     1.10977  0.00113443
         256     1.08657     1.10968  0.00113361
         257     1.12788     1.10975  0.00113141
         258     1.09829     1.10971   0.0011279
         259     1.08047      1.1096  0.00112918
         260     1.10655     1.10959   0.0011249
         261     1.11756     1.10962    0.001121
         262     1.10236     1.10959  0.00111706
         263     1.11768     1.10962  0.00111324
         264     1.09633     1.10957  0.00111016
         265     1.08733     1.10949  0.00110914
         266     1.10941     1.10948  0.00110497
         267     1.08486     1.10939  0.00110467
         268     1.10863     1.10939  0.00110056
         269     1.10846     1.10939  0.00109647
         270     1.14984     1.10954   0.0011026
         271     1.10543     1.10952  0.00109864
         272     1.11258     1.10953  0.00109465
         273     1.10754     1.10952  0.00109067
         274     1.10156      1.1095  0.00108707
         275     1.13444     1.10959   0.0010869
         276       1.136     1.10968  0.00108717
         277     1.12036     1.10972  0.00108392
         278     1.10066     1.10969  0.00108052
         279     1.08835     1.10961  0.00107935
         280     1.09796     1.10957  0.00107629
         281     1.06632     1.10942  0.00108341
         282     1.12852     1.10948  0.00108169
         283     1.11355      1.1095  0.00107796
         284     1.10311     1.10948   0.0010744
         285     1.15228     1.10963  0.00108107
         286     1.14516     1.10975  0.00108441
         287     1.12141     1.10979  0.00108139
         288     1.11425     1.10981  0.00107775
         289     1.08339     1.10971  0.00107789
         290     1.10544      1.1097  0.00107427
         291     1.11205     1.10971  0.00107061
         292     1.12824     1.10977  0.00106883
         293     1.11426     1.10979  0.00106529
         294     1.12929     1.10985  0.00106373
         295     1.09507      1.1098   0.0010613
         296     1.12379     1.10985  0.00105877
         297     1.12921     1.10992  0.00105721
         298     1.12167     1.10996   0.0010544
         299     1.08771     1.10988  0.00105349
         300     1.09242     1.10982  0.00105159
         301     1.11509     1.10984  0.00104824
         302     1.11346     1.10985  0.00104484
         303     1.15396        1.11  0.00105148
         304     1.09922     1.10996  0.00104862
         305     1.14953     1.11009  0.00105317
         306     1.11567     1.11011  0.00104989
         307     1.12377     1.11015  0.00104741
         308     1.10738     1.11015  0.00104405
         309     1.11915     1.11017  0.00104108
         310     1.12567     1.11022  0.00103892
         311     1.11187     1.11023  0.00103559
         312     1.09518     1.11018  0.00103339
         313     1.09286     1.11013  0.00103157
         314      1.1062     1.11011  0.00102836
         315     1.10973     1.11011   0.0010251
         316     1.09544     1.11007  0.00102291
         317      1.0995     1.11003  0.00102022
         318      1.1026     1.11001  0.00101728
         319     1.10308     1.10999  0.00101432
         320     1.13896     1.11008  0.00101519
         321     1.11238     1.11009  0.00101205
         322     1.12381     1.11013  0.00100981
         323     1.08593     1.11005  0.00100945
         324     1.10844     1.11005  0.00100635
         325      1.1225     1.11009  0.00100398
         326     1.12267     1.11013  0.00100165
         327     1.10229      1.1101 0.000998869
         328     1.08634     1.11003 0.000998447
         329     1.12286     1.11007 0.000996175
         330      1.0927     1.11002 0.000994546
         331     1.10028     1.10999 0.000991976
         332     1.08085      1.1099 0.000992862
         333     1.07615      1.1098 0.000995039
         334     1.12222     1.10983 0.000992755
         335      1.0759     1.10973 0.000994946
         336     1.11576     1.10975 0.000992146
         337     1.12883     1.10981 0.000990817
         338     1.10548     1.10979 0.000987968
         339     1.13784     1.10988 0.000988513
         340     1.10199     1.10985 0.000985877
         341     1.10049     1.10983 0.000983368
         342      1.1013      1.1098 0.000980809
         343     1.10541     1.10979 0.000978033
         344      1.1395     1.10988 0.000978995
         345     1.10326     1.10986 0.000976346
         346     1.10417     1.10984 0.000973662
         347     1.16233     1.10999 0.000982536
         348     1.14565     1.11009 0.000985042
         349     1.09403     1.11005 0.000983294
         350      1.1023     1.11003 0.000980734
         351     1.12116     1.11006 0.000978453
         352     1.11586     1.11007 0.000975812
         353     1.15597      1.1102 0.000981672
         354      1.0867     1.11014 0.000981142
         355     1.07762     1.11005 0.000982645
         356     1.09261        1.11 0.000981105
         357     1.13547     1.11007 0.000980947
         358     1.12323      1.1101 0.000978896
         359     1.12584     1.11015 0.000977151
         360     1.08418     1.11008 0.000977094
         361      1.1037     1.11006 0.000974547
         362     1.09363     1.11001 0.000972911
         363     1.10648        1.11  0.00097028
         364     1.12045     1.11003 0.000968039
         365     1.09309     1.10999 0.000966499
         366     1.13737     1.11006  0.00096675
         367     1.14104     1.11014 0.000967795
         368     1.08865     1.11009 0.000966927
         369     1.11647      1.1101 0.000964461
         370     1.12915     1.11016 0.000963227
         371     1.11331     1.11016 0.000960668
         372     1.10572     1.11015  0.00095816
         373     1.11882     1.11018 0.000955873
         374     1.11106     1.11018  0.00095332
         375     1.10586     1.11017 0.000950848
         376     1.10106     1.11014 0.000948627
         377     1.08803     1.11008 0.000947922
         378     1.13285     1.11014 0.000947326
         379     1.11514     1.11016 0.000944918
         380     1.08354     1.11009 0.000945024
         381     1.08875     1.11003 0.000944201
         382     1.12591     1.11007 0.000942645
         383     1.12328     1.11011 0.000940815
         384     1.08825     1.11005 0.000940085
         385     1.12838      1.1101 0.000938847
         386     1.12578     1.11014 0.000937294
         387     1.11478     1.11015 0.000934949
         388     1.14381     1.11024 0.000936554
         389     1.11067     1.11024 0.000934147
         390     1.10474     1.11022 0.000931858
         391     1.10087      1.1102 0.000929782
         392     1.11184      1.1102 0.000927419
         393     1.12204     1.11023 0.000925549
         394      1.1171     1.11025 0.000923363
         395     1.12632     1.11029 0.000921921
         396     1.09858     1.11026 0.000920068
         397     1.13189     1.11032 0.000919362
         398     1.11845     1.11034 0.000917279
         399     1.13179     1.11039 0.000916555
         400     1.09949     1.11036 0.000914669
         401     1.09895     1.11034 0.000912831
         402     1.08659     1.11028 0.000912468
         403     1.11949      1.1103 0.000910491
         404     1.12173     1.11033 0.000908677
         405     1.10137     1.11031 0.000906702
         406     1.13641     1.11037 0.000906745
         407     1.08287      1.1103  0.00090703
         408     1.12687     1.11034 0.000905716
         409     1.12122     1.11037 0.000903892
         410     1.10958     1.11037  0.00090169
         411     1.09203     1.11032 0.000900599
         412     1.11154     1.11033 0.000898418
         413     1.10378     1.11031 0.000896382
         414     1.06771     1.11021 0.000900103
         415     1.09147     1.11016 0.000899065
         416     1.09487     1.11013 0.000897655
         417     1.07143     1.11003 0.000900286
         418     1.10777     1.11003 0.000898149
         419     1.09758        1.11 0.000896496
         420     1.09632     1.10996 0.000894953
         421     1.11685     1.10998 0.000892976
         422     1.11126     1.10998 0.000890865
         423     1.10356     1.10997 0.000888889
         424     1.12308        1.11  0.00088733
         425      1.1195     1.11002 0.000885523
         426     1.12605     1.11006 0.000884244
         427     1.09634     1.11003 0.000882757
         428     1.08894     1.10998 0.000882069
         429     1.12067        1.11 0.000880365
         430     1.12853     1.11005 0.000879371
         431     1.10028     1.11002 0.000877623
         432     1.10818     1.11002 0.000875602
         433     1.10747     1.11001 0.000873599
         434     1.13249     1.11007 0.000873119
         435     1.10597     1.11006 0.000871163
         436     1.11388     1.11006 0.000869209
         437     1.11762     1.11008 0.000867392
         438     1.09234     1.11004 0.000866357
         439     1.11759     1.11006 0.000864554
         440     1.11448     1.11007 0.000862647
         441     1.09713     1.11004  0.00086119
         442     1.09403        1.11 0.000860003
         443     1.07844     1.10993 0.000861008
         444     1.13266     1.10998 0.000860588
         445     1.07771     1.10991 0.000861706
         446     1.15558     1.11001 0.000865837
         447     1.09282     1.10997 0.000864754
         448     1.11832     1.10999 0.000863024
         449     1.11702     1.11001 0.000861244
         450     1.12898     1.11005 0.000860361
         451     1.11449     1.11006  0.00085851
         452     1.12352     1.11009 0.000857127
         453     1.13615     1.11015 0.000857162
         454     1.11501     1.11016 0.000855341
         455     1.13464     1.11021 0.000855153
         456     1.11177     1.11022 0.000853284
         457     1.09275     1.11018 0.000852273
         458     1.13036     1.11022  0.00085155
         459     1.09315     1.11018 0.000850507
         460     1.11317     1.11019 0.000848682
         461     1.12108     1.11021  0.00084717
         462     1.10853     1.11021 0.000845344
         463     1.09782     1.11018 0.000843942
         464     1.14357     1.11026 0.000845184
         465     1.11953     1.11028 0.000843602
         466      1.0987     1.11025 0.000842157
         467     1.07966     1.11019 0.000842897
         468     1.10628     1.11018 0.000841137
         469     1.12911     1.11022 0.000840312
         470     1.13079     1.11026 0.000839663
         471     1.10079     1.11024 0.000838121
         472     1.09095      1.1102 0.000837341
         473     1.09881     1.11018 0.000835917
         474     1.09008     1.11013 0.000835228
         475     1.10037     1.11011 0.000833723
         476     1.08003     1.11005 0.000834363
         477     1.11856     1.11007 0.000832804
         478     1.11759     1.11008 0.000831211
         479     1.09672     1.11006 0.000829944
         480     1.12289     1.11008 0.000828645
         481      1.0838     1.11003 0.000828723
         482     1.08468     1.10998  0.00082867
         483     1.09469     1.10994 0.000827559
         484     1.12852     1.10998 0.000826738
         485     1.09761     1.10996 0.000825427
         486     1.10797     1.10995 0.000823738
         487     1.15014     1.11004  0.00082617
         488     1.10612     1.11003 0.000824516
         489     1.11589     1.11004 0.000822917
         490     1.08842        1.11 0.000822419
         491     1.15185     1.11008 0.000825151
         492     1.11686     1.11009 0.000823589
         493     1.10021     1.11007 0.000822162
         494     1.12224      1.1101 0.000820867
         495     1.09592     1.11007 0.000819708
         496     1.10266     1.11006 0.000818191
         497     1.12148     1.11008 0.000816868
         498     1.07003        1.11 0.000819177
         499     1.12389     1.11003 0.000818009
         500     1.12855     1.11006 0.000817211
