#     BLOCK:   ACTUAL_TE:    TE_AVE:      ERROR:
           1    -134.427    -134.427           0
           2    -132.863    -133.645    0.552937
           3    -133.856    -133.715    0.373069
           4    -133.987    -133.783    0.285911
           5    -133.223    -133.671    0.249708
           6    -133.457    -133.635    0.210626
           7    -132.863    -133.525    0.207444
           8    -134.327    -133.625    0.204312
           9    -132.098    -133.456     0.24206
          10    -133.468    -133.457    0.217858
          11    -133.908    -133.498    0.201882
          12     -134.16    -133.553    0.192445
          13    -133.013    -133.512    0.182067
          14    -133.349      -133.5    0.169434
          15    -133.234    -133.482    0.159066
          16    -133.062    -133.456    0.151277
          17    -135.068    -133.551    0.169518
          18    -134.405    -133.598    0.166613
          19    -133.531    -133.595    0.157881
          20    -134.317    -133.631    0.154059
          21    -133.619     -133.63    0.146724
          22    -132.493    -133.579    0.148882
          23    -134.461    -133.617    0.147268
          24    -135.204    -133.683    0.155269
          25    -133.631    -133.681    0.149072
          26     -133.25    -133.664    0.144255
          27    -133.462    -133.657    0.139107
          28    -133.172     -133.64    0.135211
          29    -134.313    -133.663    0.132527
          30    -133.202    -133.647    0.128997
          31    -132.994    -133.626    0.126547
          32    -133.642    -133.627    0.122594
          33    -133.451    -133.622    0.118994
          34    -134.981    -133.662    0.122029
          35     -133.68    -133.662    0.118543
          36    -134.658     -133.69    0.118436
          37    -133.216    -133.677    0.115924
          38    -134.329    -133.694    0.114138
          39    -133.776    -133.696    0.111231
          40    -134.481    -133.716    0.110167
          41    -134.761    -133.741    0.110392
          42    -133.452    -133.734    0.107979
          43    -134.232    -133.746    0.106085
          44    -134.628    -133.766     0.10555
          45    -134.348    -133.779    0.103994
          46    -132.294    -133.747    0.106624
          47    -132.888    -133.728     0.10591
          48    -134.217    -133.739    0.104192
          49    -135.444    -133.773     0.10772
          50    -133.257    -133.763     0.10606
          51     -134.54    -133.778    0.105069
          52    -132.394    -133.752    0.106367
          53     -134.09    -133.758    0.104551
          54      -134.3    -133.768    0.103095
          55    -132.946    -133.753    0.102298
          56     -133.24    -133.744    0.100881
          57    -134.494    -133.757   0.0999661
          58    -135.009    -133.779    0.100546
          59    -135.425    -133.807     0.10264
          60     -134.23    -133.814    0.101171
          61     -133.66    -133.811   0.0995438
          62    -133.316    -133.803   0.0982578
          63    -133.888    -133.805   0.0967075
          64    -134.187    -133.811   0.0953806
          65     -133.97    -133.813   0.0939446
          66    -133.487    -133.808   0.0926513
          67    -134.334    -133.816   0.0916006
          68    -133.466    -133.811   0.0903982
          69    -133.592    -133.808   0.0891436
          70    -133.438    -133.802   0.0880261
          71      -132.8    -133.788   0.0879109
          72    -132.149    -133.765    0.089588
          73    -134.004    -133.769   0.0884202
          74    -134.223    -133.775    0.087438
          75    -133.629    -133.773   0.0862937
          76    -133.555     -133.77   0.0852056
          77    -131.918    -133.746   0.0874288
          78    -132.734    -133.733   0.0872652
          79    -134.204    -133.739   0.0863639
          80    -133.859     -133.74   0.0852974
          81    -132.952    -133.731   0.0847978
          82    -134.313    -133.738   0.0840606
          83     -135.07    -133.754   0.0845666
          84    -134.731    -133.765    0.084356
          85    -133.656    -133.764   0.0833735
          86    -134.135    -133.769   0.0825155
          87    -133.476    -133.765   0.0816353
          88    -133.794    -133.765   0.0807083
          89    -133.836    -133.766   0.0798054
          90    -135.087    -133.781   0.0802575
          91    -132.199    -133.764   0.0812357
          92     -133.77    -133.764   0.0803528
          93    -134.539    -133.772   0.0799199
          94    -132.749    -133.761   0.0798065
          95    -134.045    -133.764   0.0790221
          96     -133.87    -133.765   0.0782068
          97    -133.439    -133.762   0.0774728
          98    -134.687    -133.771   0.0772556
          99    -133.228    -133.766   0.0766698
         100    -133.205     -133.76    0.076108
         101    -133.306    -133.756   0.0754874
         102    -133.967    -133.758   0.0747756
         103    -133.713    -133.757   0.0740509
         104    -134.704    -133.766   0.0738963
         105    -134.133     -133.77    0.073275
         106    -134.772    -133.779   0.0731916
         107    -133.058    -133.773   0.0728174
         108    -132.238    -133.758   0.0735161
         109     -134.67    -133.767   0.0733161
         110    -134.455    -133.773   0.0729161
         111    -133.574    -133.771   0.0722811
         112     -135.25    -133.784   0.0728322
         113    -133.138    -133.779   0.0724121
         114    -133.642    -133.778   0.0717868
         115    -133.116    -133.772    0.071393
         116    -134.026    -133.774   0.0708111
         117    -133.526    -133.772   0.0702377
         118    -132.876    -133.764   0.0700516
         119    -134.576    -133.771   0.0697941
         120    -134.617    -133.778    0.069568
         121    -133.425    -133.775   0.0690542
         122    -133.526    -133.773   0.0685183
         123    -133.386     -133.77   0.0680334
         124    -133.819     -133.77   0.0674859
         125    -135.829    -133.787   0.0689261
         126     -134.76    -133.795   0.0688107
         127    -133.289    -133.791   0.0683838
         128     -133.65     -133.79   0.0678583
         129    -134.289    -133.793   0.0674425
         130    -133.657    -133.792   0.0669319
         131    -132.955    -133.786   0.0667257
         132    -133.077    -133.781   0.0664361
         133    -133.388    -133.778   0.0660022
         134    -133.078    -133.772   0.0657157
         135    -133.489     -133.77   0.0652625
         136    -132.651    -133.762   0.0652997
         137    -133.444     -133.76   0.0648644
         138    -132.965    -133.754   0.0646497
         139    -132.144    -133.742   0.0652141
         140     -132.73    -133.735   0.0651476
         141    -132.403    -133.726   0.0653674
         142    -134.248    -133.729   0.0650106
         143    -134.413    -133.734   0.0647314
         144    -134.825    -133.742    0.064724
         145    -133.224    -133.738   0.0643759
         146    -133.656    -133.738   0.0639374
         147    -133.647    -133.737   0.0635055
         148     -132.59    -133.729   0.0635471
         149    -134.021    -133.731   0.0631509
         150    -132.963    -133.726   0.0629373
         151    -134.797    -133.733    0.062919
         152    -133.939    -133.735   0.0625197
         153    -133.753    -133.735   0.0621112
         154    -133.158    -133.731   0.0618206
         155    -133.605     -133.73   0.0614272
         156    -134.144    -133.733   0.0610907
         157    -132.736    -133.726   0.0610307
         158    -133.883    -133.727   0.0606525
         159    -133.302    -133.725   0.0603301
         160    -132.779    -133.719   0.0602418
         161    -133.717    -133.719   0.0598676
         162    -133.336    -133.716   0.0595447
         163    -133.386    -133.714    0.059214
         164    -133.723    -133.714    0.058853
         165     -133.28    -133.712   0.0585553
         166     -133.88    -133.713   0.0582113
         167    -132.233    -133.704   0.0585336
         168    -134.566    -133.709   0.0584098
         169    -134.331    -133.713     0.05818
         170    -133.501    -133.712   0.0578512
         171    -133.902    -133.713   0.0575236
         172     -133.35    -133.711   0.0572279
         173    -133.226    -133.708   0.0569657
         174    -133.277    -133.705    0.056692
         175    -133.522    -133.704   0.0563777
         176    -133.287    -133.702   0.0561072
         177    -133.182    -133.699   0.0558671
         178    -133.655    -133.699   0.0555538
         179    -133.334    -133.697   0.0552807
         180    -133.003    -133.693   0.0551076
         181    -132.999    -133.689   0.0549362
         182    -133.973    -133.691   0.0546566
         183    -133.128    -133.687   0.0544442
         184    -133.083    -133.684   0.0542474
         185    -134.419    -133.688   0.0540994
         186    -131.889    -133.678   0.0546661
         187    -133.964     -133.68    0.054395
         188    -133.139    -133.677   0.0541817
         189    -133.782    -133.678   0.0538978
         190    -133.885    -133.679   0.0536252
         191    -133.673    -133.679   0.0533445
         192    -134.307    -133.682    0.053167
         193    -133.375     -133.68   0.0529152
         194    -135.366    -133.689   0.0533508
         195     -132.88    -133.685   0.0532385
         196    -132.358    -133.678   0.0533957
         197    -132.956    -133.675   0.0532504
         198    -133.073    -133.671   0.0530681
         199    -133.856    -133.672   0.0528096
         200    -133.504    -133.672   0.0525522
         201    -132.478    -133.666   0.0526253
         202    -133.078    -133.663   0.0524453
         203    -134.013    -133.664   0.0522153
         204     -133.44    -133.663   0.0519709
         205    -133.159    -133.661   0.0517756
         206    -133.827    -133.662   0.0515305
         207    -134.125    -133.664   0.0513302
         208     -132.79     -133.66    0.051255
         209    -134.122    -133.662   0.0510575
         210    -133.101    -133.659   0.0508842
         211    -134.144    -133.662   0.0506949
         212    -134.276    -133.664   0.0505386
         213      -134.4    -133.668   0.0504192
         214    -134.368    -133.671   0.0502897
         215     -133.99    -133.673   0.0500776
         216    -134.556    -133.677   0.0500126
         217    -133.913    -133.678    0.049794
         218    -134.859    -133.683   0.0498595
         219    -133.699    -133.683   0.0496319
         220    -133.836    -133.684   0.0494112
         221    -132.722     -133.68   0.0493789
         222    -133.375    -133.678   0.0491755
         223    -133.554    -133.678   0.0489582
         224    -133.727    -133.678   0.0487401
         225    -134.229     -133.68   0.0485851
         226    -133.102    -133.678   0.0484374
         227    -133.469    -133.677   0.0482328
         228    -134.481     -133.68   0.0481501
         229    -134.757    -133.685   0.0481688
         230    -133.038    -133.682   0.0480415
         231    -134.137    -133.684   0.0478738
         232    -134.627    -133.688   0.0478394
         233    -133.309    -133.687   0.0476617
         234    -134.344     -133.69   0.0475407
         235    -134.171    -133.692   0.0473825
         236    -134.367    -133.694    0.047268
         237    -134.542    -133.698   0.0472036
         238    -133.449    -133.697   0.0470168
         239     -132.81    -133.693   0.0469663
         240    -133.297    -133.692   0.0467996
         241    -134.492    -133.695   0.0467231
         242    -132.983    -133.692   0.0466227
         243    -133.613    -133.692    0.046432
         244    -133.055    -133.689   0.0463149
         245    -133.253    -133.687   0.0461601
         246    -134.209    -133.689   0.0460211
         247    -133.328    -133.688    0.045858
         248     -133.73    -133.688   0.0456734
         249    -132.992    -133.685   0.0455754
         250    -134.195    -133.687   0.0454387
         251    -134.895    -133.692   0.0455116
         252    -132.601    -133.688   0.0455365
         253    -134.039    -133.689   0.0453777
         254    -133.277    -133.688    0.045228
         255    -133.595    -133.687   0.0450521
         256    -132.738    -133.684   0.0450285
         257    -134.373    -133.686   0.0449331
         258    -133.266    -133.685   0.0447886
         259    -132.498     -133.68   0.0448495
         260    -133.588     -133.68   0.0446784
         261    -134.006    -133.681   0.0445247
         262    -133.384     -133.68   0.0443692
         263    -133.976    -133.681   0.0442147
         264    -133.172    -133.679   0.0440893
         265    -132.796    -133.676   0.0440487
         266    -133.704    -133.676   0.0438832
         267    -132.649    -133.672   0.0438871
         268    -133.648    -133.672   0.0437234
         269    -133.643    -133.672    0.043561
         270    -135.344    -133.678   0.0438378
         271    -133.595    -133.678   0.0436771
         272      -133.8    -133.678   0.0435188
         273    -133.555    -133.678   0.0433617
         274    -133.392    -133.677    0.043216
         275    -134.726     -133.68   0.0432271
         276    -134.747    -133.684   0.0432429
         277    -134.069    -133.686   0.0431091
         278    -133.274    -133.684   0.0429795
         279    -132.851    -133.681   0.0429291
         280    -133.166    -133.679   0.0428151
         281    -131.964    -133.673   0.0430955
         282     -134.41    -133.676   0.0430219
         283    -133.802    -133.676   0.0428722
         284    -133.431    -133.675   0.0427299
         285     -135.36    -133.681   0.0429871
         286    -135.095    -133.686     0.04312
         287    -134.179    -133.688   0.0430039
         288    -133.896    -133.689   0.0428606
         289    -132.689    -133.685   0.0428518
         290     -133.54    -133.685    0.042707
         291    -133.863    -133.685   0.0425646
         292    -134.415    -133.688   0.0424922
         293    -133.879    -133.689   0.0423522
         294    -134.432    -133.691   0.0422835
         295    -133.103    -133.689   0.0421872
         296    -134.221    -133.691    0.042083
         297    -134.506    -133.694   0.0420306
         298    -134.156    -133.695   0.0419183
         299    -132.822    -133.692   0.0418797
         300    -133.012     -133.69   0.0418015
         301    -133.938    -133.691   0.0416707
         302    -133.823    -133.691    0.041535
         303    -135.528    -133.697   0.0418379
         304     -133.31    -133.696   0.0417197
         305     -135.26    -133.701    0.041897
         306    -133.913    -133.702   0.0417658
         307    -134.189    -133.703   0.0416599
         308    -133.647    -133.703    0.041525
         309     -134.09    -133.704   0.0414095
         310    -134.326    -133.706   0.0413245
         311    -133.751    -133.707   0.0411919
         312    -133.137    -133.705   0.0411003
         313    -132.994    -133.703   0.0410317
         314    -133.501    -133.702   0.0409061
         315      -133.7    -133.702   0.0407762
         316    -133.119      -133.7   0.0406889
         317    -133.353    -133.699   0.0405753
         318    -133.422    -133.698   0.0404571
         319    -133.473    -133.697   0.0403364
         320    -134.874    -133.701   0.0403775
         321    -133.805    -133.701   0.0402531
         322    -134.165    -133.703   0.0401538
         323    -132.699      -133.7   0.0401497
         324     -133.66      -133.7   0.0400259
         325    -134.247    -133.701   0.0399382
         326    -134.158    -133.703   0.0398402
         327    -133.396    -133.702   0.0397294
         328    -132.726    -133.699   0.0397195
         329    -134.217      -133.7     0.03963
         330    -133.038    -133.698   0.0395607
         331    -133.393    -133.697   0.0394519
         332    -132.555    -133.694   0.0394828
         333    -132.318     -133.69   0.0395798
         334     -134.19    -133.691   0.0394896
         335    -132.324    -133.687   0.0395822
         336    -133.899    -133.688   0.0394694
         337    -134.387     -133.69   0.0394069
         338    -133.473    -133.689   0.0392955
         339     -134.76    -133.692   0.0393063
         340    -133.356    -133.691   0.0392031
         341    -133.422    -133.691   0.0390961
         342    -133.398     -133.69   0.0389912
         343      -133.5    -133.689   0.0388814
         344    -134.846    -133.693   0.0389135
         345    -133.458    -133.692   0.0388067
         346    -133.439    -133.691   0.0387014
         347    -135.759    -133.697   0.0390458
         348    -135.102    -133.701   0.0391416
         349    -133.116      -133.7   0.0390654
         350    -133.411    -133.699   0.0389625
         351    -134.107      -133.7   0.0388688
         352    -133.843      -133.7   0.0387605
         353     -135.49    -133.705   0.0389808
         354    -132.746    -133.703   0.0389648
         355    -132.392    -133.699   0.0390296
         356    -132.946    -133.697   0.0389772
         357    -134.726      -133.7   0.0389745
         358    -134.209    -133.701   0.0388916
         359    -134.294    -133.703   0.0388183
         360     -132.65      -133.7   0.0388205
         361    -133.418    -133.699   0.0387209
         362    -133.022    -133.697   0.0386591
         363    -133.593    -133.697   0.0385537
         364    -134.074    -133.698   0.0384617
         365    -133.057    -133.696   0.0383965
         366    -134.836    -133.699   0.0384175
         367    -134.934    -133.703   0.0384598
         368    -132.838      -133.7    0.038427
         369    -133.933    -133.701    0.038328
         370    -134.533    -133.703   0.0382903
         371     -133.83    -133.704   0.0381886
         372    -133.546    -133.703   0.0380883
         373    -134.141    -133.704   0.0380042
         374    -133.789    -133.705   0.0379033
         375    -133.558    -133.704   0.0378042
         376    -133.332    -133.703   0.0377167
         377    -132.927    -133.701   0.0376728
         378    -134.612    -133.704   0.0376502
         379     -133.88    -133.704   0.0375537
         380      -132.6    -133.701   0.0375671
         381    -132.812    -133.699    0.037541
         382    -134.284      -133.7    0.037474
         383    -134.206    -133.702   0.0373994
         384    -132.834    -133.699   0.0373702
         385    -134.447    -133.701   0.0373236
         386    -134.336    -133.703   0.0372632
         387    -133.933    -133.704   0.0371717
         388    -135.052    -133.707    0.037238
         389    -133.768    -133.707   0.0371426
         390    -133.534    -133.707     0.03705
         391    -133.387    -133.706   0.0369642
         392    -133.851    -133.706   0.0368718
         393    -134.213    -133.708   0.0368005
         394    -134.006    -133.708   0.0367149
         395    -134.398     -133.71   0.0366634
         396    -133.205    -133.709    0.036593
         397    -134.579    -133.711   0.0365665
         398    -134.085    -133.712   0.0364867
         399    -134.572    -133.714   0.0364589
         400    -133.313    -133.713   0.0363816
         401    -133.273    -133.712   0.0363074
         402    -132.741     -133.71   0.0362973
         403    -134.066     -133.71   0.0362181
         404     -134.13    -133.711   0.0361433
         405    -133.322    -133.711   0.0360668
         406    -134.677    -133.713   0.0360565
         407    -132.633     -133.71   0.0360654
         408     -134.34    -133.712   0.0360101
         409    -134.114    -133.713   0.0359355
         410    -133.698    -133.713   0.0358478
         411    -132.995    -133.711   0.0358031
         412    -133.708    -133.711   0.0357162
         413    -133.434     -133.71    0.035636
         414     -131.93    -133.706   0.0358084
         415    -132.956    -133.704   0.0357678
         416    -133.045    -133.703   0.0357168
         417    -132.197    -133.699   0.0358133
         418    -133.664    -133.699   0.0357277
         419    -133.211    -133.698   0.0356614
         420    -133.172    -133.697   0.0355984
         421    -133.995    -133.697   0.0355209
         422    -133.724    -133.697   0.0354368
         423    -133.485    -133.697   0.0353566
         424    -134.223    -133.698    0.035295
         425    -134.107    -133.699    0.035225
         426    -134.278      -133.7   0.0351686
         427     -133.14    -133.699   0.0351107
         428    -132.853    -133.697   0.0350843
         429    -134.088    -133.698   0.0350144
         430    -134.401      -133.7   0.0349711
         431    -133.303    -133.699   0.0349021
         432    -133.625    -133.698   0.0348217
         433    -133.678    -133.698   0.0347413
         434    -134.667    -133.701   0.0347328
         435    -133.562      -133.7   0.0346544
         436    -133.882    -133.701   0.0345775
         437    -134.012    -133.701   0.0345056
         438    -132.945      -133.7   0.0344701
         439    -133.978      -133.7   0.0343974
         440    -133.845    -133.701   0.0343208
         441    -133.187      -133.7   0.0342627
         442    -133.096    -133.698   0.0342124
         443    -132.466    -133.695   0.0342481
         444    -134.502    -133.697   0.0342191
         445    -132.316    -133.694   0.0342826
         446    -135.413    -133.698   0.0344217
         447    -133.017    -133.696   0.0343784
         448     -133.99    -133.697   0.0343079
         449    -133.965    -133.698   0.0342366
         450    -134.414    -133.699   0.0341975
         451    -133.855      -133.7   0.0341234
         452    -134.218    -133.701   0.0340672
         453    -134.731    -133.703   0.0340678
         454    -133.921    -133.704   0.0339961
         455    -134.682    -133.706   0.0339894
         456    -133.751    -133.706    0.033915
         457    -133.058    -133.704   0.0338704
         458    -134.466    -133.706   0.0338372
         459    -132.975    -133.704   0.0338009
         460     -133.82    -133.705   0.0337284
         461    -134.191    -133.706   0.0336717
         462    -133.599    -133.706   0.0335996
         463    -133.202    -133.704   0.0335446
         464    -135.042    -133.707    0.033596
         465    -134.076    -133.708   0.0335331
         466    -133.305    -133.707   0.0334723
         467    -132.495    -133.705    0.033501
         468    -133.561    -133.704   0.0334308
         469    -134.418    -133.706   0.0333941
         470    -134.482    -133.708   0.0333639
         471    -133.292    -133.707   0.0333047
         472    -132.943    -133.705   0.0332734
         473    -133.329    -133.704   0.0332126
         474     -132.89    -133.703   0.0331869
         475    -133.327    -133.702   0.0331264
         476    -132.477    -133.699   0.0331566
         477     -134.09      -133.7   0.0330972
         478    -133.952      -133.7   0.0330322
         479    -133.212    -133.699    0.032979
         480    -134.173      -133.7   0.0329251
         481    -132.638    -133.698   0.0329306
         482    -132.648    -133.696   0.0329343
         483    -133.101    -133.695   0.0328892
         484    -134.406    -133.696   0.0328541
         485    -133.181    -133.695   0.0328035
         486    -133.657    -133.695   0.0327361
         487     -135.28    -133.698   0.0328301
         488    -133.483    -133.698   0.0327658
         489    -133.912    -133.698   0.0327017
         490    -132.835    -133.697   0.0326824
         491    -135.364      -133.7   0.0327918
         492    -133.971    -133.701   0.0327297
         493    -133.288      -133.7   0.0326741
         494    -134.191    -133.701    0.032623
         495    -133.135      -133.7   0.0325772
         496    -133.459    -133.699   0.0325151
         497    -134.135      -133.7   0.0324615
         498    -132.126    -133.697   0.0325497
         499    -134.269    -133.698   0.0325047
         500    -134.457      -133.7   0.0324751
