#     BLOCK:   ACTUAL_TE:    TE_AVE:      ERROR:
           1    -9.65027    -9.65027           0
           2    -9.60015    -9.62521   0.0177196
           3    -8.77911    -9.34318    0.230583
           4    -8.89132    -9.23021    0.198691
           5    -7.39509    -8.86319    0.364735
           6    -8.50128    -8.80287    0.308893
           7    -9.41416     -8.8902    0.276835
           8    -9.93255    -9.02049    0.271164
           9     -9.0735    -9.02638    0.241099
          10    -8.46148    -8.96989    0.223509
          11    -9.11158    -8.98277    0.203561
          12    -9.98095    -9.06595    0.202882
          13    -9.73277    -9.11725    0.193651
          14    -8.83134    -9.09683    0.180893
          15    -9.96032    -9.15439    0.177757
          16    -9.67591    -9.18699    0.169609
          17    -9.09085    -9.18133    0.159727
          18    -7.73503    -9.10098    0.169865
          19    -8.99549    -9.09543    0.161015
          20    -8.59241    -9.07028    0.154916
          21    -8.86223    -9.06037    0.147856
          22    -9.83578    -9.09562    0.145275
          23    -9.45537    -9.11126    0.139799
          24    -8.45086    -9.08374    0.136655
          25    -7.93906    -9.03795    0.138647
          26     -7.8815    -8.99348    0.140268
          27    -7.38869    -8.93404    0.147128
          28    -7.76232    -8.89219    0.147705
          29    -7.65558    -8.84955    0.148639
          30    -7.36772    -8.80016     0.15167
          31    -8.68058     -8.7963    0.146826
          32    -8.55189    -8.78866    0.142436
          33      -7.381      -8.746    0.144366
          34    -7.69839    -8.71519    0.143371
          35    -7.28002    -8.67419     0.14502
          36    -7.21734    -8.63372    0.146529
          37    -7.12404    -8.59292    0.148141
          38    -7.84152    -8.57314    0.145556
          39    -8.37188    -8.56798    0.141915
          40    -8.69146    -8.57107    0.138401
          41    -9.33955    -8.58981    0.136288
          42    -10.3213    -8.63104    0.139139
          43    -9.16713    -8.64351    0.136461
          44    -10.2932      -8.681    0.138414
          45    -11.1649     -8.7362     0.14593
          46    -9.99404    -8.76354    0.145297
          47    -8.84149     -8.7652    0.142215
          48    -6.82417    -8.72476    0.144887
          49    -7.20756     -8.6938    0.145201
          50    -7.54494    -8.67082    0.144104
          51    -7.25273    -8.64302    0.143936
          52    -6.41046    -8.60008    0.147432
          53    -7.10973    -8.57196    0.147308
          54    -7.75613    -8.55685    0.145352
          55    -8.96772    -8.56433    0.142902
          56    -10.1178    -8.59207    0.143017
          57    -10.3039     -8.6221    0.143627
          58      -9.607    -8.63908    0.142151
          59    -9.20501    -8.64867    0.140064
          60    -8.70318    -8.64958    0.137733
          61    -10.3929    -8.67816    0.138408
          62    -9.96449    -8.69891    0.137722
          63    -9.72694    -8.71522    0.136499
          64    -9.86939    -8.73326    0.135553
          65    -9.38213    -8.74324    0.133834
          66     -9.3511    -8.75245    0.132123
          67    -10.0171    -8.77132    0.131492
          68    -9.44675    -8.78126    0.129933
          69    -8.68328    -8.77984    0.128058
          70    -8.10329    -8.77017    0.126593
          71    -8.99011    -8.77327    0.124847
          72    -8.96863    -8.77598    0.123143
          73    -10.0975    -8.79409     0.12278
          74    -9.90758    -8.80913    0.122039
          75    -10.9793    -8.83807    0.123795
          76    -9.40175    -8.84549    0.122388
          77    -9.33464    -8.85184    0.120963
          78    -10.0618    -8.86735    0.120403
          79     -9.0412    -8.86955    0.118899
          80    -8.14562     -8.8605    0.117756
          81     -8.9581    -8.86171    0.116309
          82    -8.46051    -8.85682    0.114993
          83    -9.60221     -8.8658    0.113958
          84    -8.41961    -8.86048    0.112725
          85    -8.03642    -8.85079    0.111815
          86    -8.73734    -8.84947    0.110523
          87    -8.64182    -8.84708    0.109278
          88    -9.98315    -8.85999    0.108796
          89    -10.8405    -8.88225    0.109826
          90    -8.83302     -8.8817    0.108607
          91    -9.36977    -8.88706    0.107546
          92    -9.71891     -8.8961    0.106756
          93     -9.9307    -8.90723    0.106186
          94    -9.98684    -8.91871    0.105676
          95    -9.21258    -8.92181    0.104609
          96    -8.90446    -8.92163    0.103519
          97    -9.67097    -8.92935     0.10274
          98    -9.61353    -8.93633    0.101929
          99    -8.49478    -8.93187    0.100997
         100    -9.07563    -8.93331   0.0999969
         101     -8.4664    -8.92869   0.0991136
         102    -7.25796    -8.91231   0.0994862
         103    -7.44922     -8.8981   0.0995292
         104    -7.42964    -8.88398   0.0995687
         105    -8.53776    -8.88069    0.098675
         106     -7.5404    -8.86804   0.0985509
         107    -7.67016    -8.85685   0.0982637
         108    -7.33023    -8.84271   0.0983653
         109    -7.30344    -8.82859   0.0984713
         110    -6.45444    -8.80701   0.0999135
         111    -7.02674    -8.79097    0.100292
         112    -7.49402    -8.77939    0.100063
         113    -8.17518    -8.77404   0.0993204
         114    -8.64903    -8.77295   0.0984552
         115    -8.56041     -8.7711   0.0976165
         116     -9.4318    -8.77679    0.096941
         117    -8.27767    -8.77253   0.0962062
         118    -8.59349    -8.77101   0.0954029
         119    -8.33521    -8.76735   0.0946714
         120    -7.41536    -8.75608   0.0945505
         121    -8.89169     -8.7572   0.0937758
         122    -8.40087    -8.75428   0.0930526
         123    -7.39054    -8.74319   0.0929542
         124    -9.11058    -8.74616   0.0922518
         125    -9.32486    -8.75079   0.0916299
         126    -8.35077    -8.74761   0.0909577
         127    -9.16831    -8.75092   0.0903018
         128     -9.1115    -8.75374   0.0896402
         129    -8.09575    -8.74864   0.0890903
         130     -8.0363    -8.74316   0.0885734
         131     -9.4512    -8.74857    0.088062
         132    -9.74181    -8.75609   0.0877157
         133    -8.86687    -8.75692   0.0870602
         134    -9.46409     -8.7622   0.0865703
         135    -8.14747    -8.75765   0.0860487
         136    -8.78771    -8.75787   0.0854163
         137    -10.1393    -8.76795   0.0853859
         138    -8.61019    -8.76681   0.0847748
         139    -7.79825    -8.75984   0.0844508
         140    -7.85111    -8.75335   0.0840967
         141    -9.04046    -8.75539   0.0835249
         142    -9.17828    -8.75836   0.0829898
         143    -7.87136    -8.75216   0.0826409
         144    -8.37934    -8.74957   0.0821076
         145    -8.12971     -8.7453   0.0816525
         146    -7.48422    -8.73666   0.0815488
         147    -7.18046    -8.72607   0.0816783
         148    -6.29929    -8.70968    0.082756
         149    -6.42186    -8.69432   0.0836128
         150    -7.27215    -8.68484   0.0835912
         151    -9.22427    -8.68841    0.083114
         152      -8.202    -8.68521   0.0826287
         153     -8.4165    -8.68346   0.0821073
         154    -8.45721    -8.68199   0.0815873
         155    -9.58514    -8.68781   0.0812688
         156    -10.0527    -8.69656   0.0812174
         157    -8.81301     -8.6973   0.0807035
         158    -8.78671    -8.69787   0.0801947
         159    -8.55334    -8.69696   0.0796955
         160    -8.00119    -8.69261   0.0793159
         161    -7.53945    -8.68545    0.079146
         162    -8.41886    -8.68381   0.0786746
         163     -8.9456    -8.68541   0.0782083
         164     -8.7815      -8.686   0.0777336
         165    -7.78782    -8.68055   0.0774529
         166    -7.62602     -8.6742   0.0772464
         167     -7.4295    -8.66675   0.0771426
         168    -8.05355     -8.6631   0.0767697
         169     -7.9728    -8.65901    0.076424
         170    -8.47903    -8.65795   0.0759818
         171     -9.0451    -8.66022   0.0755712
         172    -7.82148    -8.65534    0.075289
         173    -9.04374    -8.65759   0.0748872
         174    -9.26907     -8.6611   0.0745393
         175    -8.48428    -8.66009   0.0741202
         176    -8.25148    -8.65777   0.0737354
         177    -7.31834     -8.6502   0.0737061
         178    -7.64641    -8.64456   0.0735074
         179    -7.57878    -8.63861   0.0733375
         180    -9.28741    -8.64221   0.0730186
         181     -9.6917    -8.64801    0.072845
         182    -9.90938    -8.65494   0.0727737
         183    -8.91201    -8.65635   0.0723896
         184    -8.48686    -8.65543   0.0720021
         185    -8.15277    -8.65271   0.0716641
         186    -7.60185    -8.64706   0.0715012
         187    -7.06315    -8.63859   0.0716188
         188    -8.14156    -8.63594   0.0712866
         189    -7.11906    -8.62792   0.0713598
         190    -7.09268    -8.61984   0.0714402
         191    -9.00108    -8.62183   0.0710941
         192    -8.69589    -8.62222   0.0707248
         193    -8.92189    -8.62377   0.0703754
         194    -7.50452      -8.618   0.0702487
         195    -7.65901    -8.61309   0.0700604
         196    -8.79066    -8.61399   0.0697088
         197    -8.83158     -8.6151   0.0693637
         198    -9.44122    -8.61927   0.0691388
         199    -8.43477    -8.61834   0.0687976
         200    -8.82181    -8.61936   0.0684611
         201    -8.61123    -8.61932   0.0681205
         202     -9.0262    -8.62133    0.067813
         203    -9.19727    -8.62417   0.0675383
         204    -9.91928    -8.63052    0.067505
         205    -12.4179    -8.64899    0.069658
         206    -12.5452    -8.66791   0.0718417
         207    -10.7436    -8.67793   0.0721911
         208    -10.0128    -8.68435   0.0721287
         209    -9.80617    -8.68972    0.071983
         210    -9.69678    -8.69452   0.0717998
         211    -9.46485    -8.69817   0.0715523
         212    -9.80453    -8.70339   0.0714048
         213    -8.93655    -8.70448    0.071078
         214    -8.80321    -8.70494   0.0707473
         215    -9.06178     -8.7066   0.0704378
         216    -9.12742    -8.70855   0.0701386
         217    -6.87419     -8.7001   0.0703229
         218    -6.68019    -8.69083   0.0706081
         219    -7.28141    -8.68439   0.0705784
         220    -8.57596     -8.6839   0.0702593
         221    -9.76026    -8.68877     0.07011
         222    -9.65848    -8.69314   0.0699301
         223    -8.40749    -8.69186   0.0696283
         224    -7.32666    -8.68576   0.0695837
         225    -8.15055    -8.68339    0.069315
         226    -7.82039    -8.67957   0.0691134
         227    -8.11318    -8.67707    0.068854
         228    -9.18466     -8.6793    0.068588
         229    -8.86241     -8.6801   0.0682931
         230     -9.3172    -8.68287   0.0680524
         231    -8.43505     -8.6818   0.0677662
         232    -8.06152    -8.67912   0.0675268
         233    -10.1033    -8.68523   0.0675131
         234    -9.53048    -8.68885   0.0673211
         235    -10.2345    -8.69542   0.0673552
         236    -11.7348     -8.7083     0.06829
         237    -11.5823    -8.72043   0.0690701
         238    -10.5296    -8.72803   0.0691969
         239    -10.3182    -8.73468   0.0692265
         240    -8.45649    -8.73352   0.0689478
         241    -7.42726     -8.7281   0.0688744
         242    -8.33646    -8.72649   0.0686088
         243    -9.17703    -8.72834   0.0683515
         244      -9.709    -8.73236   0.0681895
         245    -8.95568    -8.73327   0.0679172
         246    -8.74569    -8.73332   0.0676412
         247    -9.02933    -8.73452   0.0673779
         248    -9.05511    -8.73581   0.0671186
         249    -9.75015    -8.73989   0.0669726
         250    -8.95071    -8.74073     0.06671
         251    -9.18302    -8.74249   0.0664675
         252    -9.52303    -8.74559   0.0662759
         253    -9.02327    -8.74669    0.066023
         254    -8.55533    -8.74593   0.0657674
         255    -8.19786    -8.74378   0.0655446
         256    -8.46761     -8.7427   0.0652974
         257    -9.70867    -8.74646   0.0651514
         258    -9.06814    -8.74771   0.0649108
         259    -8.04992    -8.74502   0.0647161
         260    -8.81241    -8.74528   0.0644677
         261    -9.47334    -8.74806    0.064281
         262    -9.40036    -8.75055   0.0640839
         263    -9.35664    -8.75286   0.0638816
         264    -10.3679    -8.75898   0.0639319
         265     -10.567     -8.7658   0.0640537
         266    -8.50637    -8.76482   0.0638203
         267    -7.87063    -8.76147   0.0636691
         268    -7.44518    -8.75656   0.0636207
         269    -8.90108     -8.7571   0.0633864
         270    -9.26897      -8.759     0.06318
         271    -8.19916    -8.75693   0.0629806
         272    -9.40748    -8.75932   0.0627945
         273    -9.63472    -8.76253   0.0626463
         274    -8.41636    -8.76127   0.0624304
         275    -9.84065    -8.76519   0.0623266
         276    -10.0709    -8.76992   0.0622801
         277    -9.77565    -8.77355    0.062161
         278     -10.669    -8.78037   0.0623102
         279    -11.1982    -8.78904   0.0626866
         280    -10.9749    -8.79684    0.062947
         281    -11.0772    -8.80496   0.0632439
         282    -12.4954    -8.81805   0.0643594
         283    -10.5048    -8.82401   0.0644074
         284    -10.7505    -8.83079   0.0645368
         285    -9.85353    -8.83438     0.06441
         286    -9.34276    -8.83615   0.0642093
         287     -9.7179    -8.83923   0.0640591
         288    -10.0746    -8.84352   0.0639801
         289    -10.4866     -8.8492   0.0640108
         290    -10.1823     -8.8538   0.0639549
         291    -8.73918     -8.8534   0.0637364
         292    -8.07548    -8.85074   0.0635737
         293    -9.40902    -8.85265   0.0633853
         294    -9.30564    -8.85419   0.0631884
         295    -9.47804     -8.8563   0.0630096
         296    -9.40742    -8.85816   0.0628243
         297    -9.77886    -8.86126   0.0626892
         298    -7.95462    -8.85822   0.0625526
         299    -7.35054    -8.85318   0.0625463
         300    -7.96055     -8.8502   0.0624085
         301    -9.66419    -8.85291   0.0622598
         302    -9.25325    -8.85423   0.0620677
         303    -7.76943    -8.85065    0.061966
         304    -8.31077    -8.84888   0.0617876
         305    -9.72318    -8.85174   0.0616515
         306    -8.71199    -8.85129   0.0614517
         307    -9.64354    -8.85387   0.0613057
         308    -10.2205     -8.8583   0.0612671
         309     -10.322    -8.86304   0.0612516
         310    -7.81459    -8.85966   0.0611473
         311    -7.42509    -8.85505   0.0611245
         312    -8.62354     -8.8543   0.0609331
         313    -8.88168    -8.85439   0.0607384
         314     -9.0186    -8.85492   0.0605473
         315    -9.65255    -8.85745    0.060408
         316    -9.64763    -8.85995   0.0602685
         317    -9.04686    -8.86054   0.0600813
         318    -9.19651    -8.86159   0.0599017
         319    -9.12666    -8.86242   0.0597196
         320    -7.66338    -8.85868   0.0596504
         321     -7.6385    -8.85488   0.0595856
         322    -8.66183    -8.85428   0.0594036
         323    -8.15193     -8.8521   0.0592595
         324    -8.98188     -8.8525   0.0590779
         325    -9.64344    -8.85494   0.0589462
         326    -9.55723    -8.85709   0.0588048
         327    -8.28682    -8.85535   0.0586508
         328    -8.37874    -8.85389     0.05849
         329    -8.62206    -8.85319   0.0583164
         330    -8.61338    -8.85246   0.0581442
         331    -9.69992    -8.85502   0.0580249
         332    -8.31622     -8.8534   0.0578728
         333    -7.61897    -8.84969   0.0578177
         334    -9.17124    -8.85066   0.0576526
         335    -9.49884    -8.85259   0.0575129
         336    -8.63636    -8.85195   0.0573454
         337    -8.02064    -8.84948   0.0572282
         338    -8.59188    -8.84872    0.057064
         339    -7.24302    -8.84398   0.0570919
         340    -7.52856    -8.84011   0.0570549
         341    -7.60336    -8.83649   0.0570028
         342    -7.79701    -8.83345   0.0569171
         343    -10.0379    -8.83696   0.0568593
         344    -9.43138    -8.83869   0.0567203
         345    -8.75546    -8.83844   0.0565564
         346    -8.43626    -8.83728   0.0564049
         347     -7.7872    -8.83426   0.0563235
         348    -8.33349    -8.83282     0.05618
         349    -8.79411    -8.83271   0.0560191
         350    -7.95662     -8.8302    0.055915
         351    -8.11052    -8.82815   0.0557932
         352    -7.34656    -8.82394   0.0557933
         353    -7.50719    -8.82021   0.0557598
         354    -8.42608     -8.8191   0.0556134
         355     -9.3199    -8.82051   0.0554746
         356    -9.17767    -8.82151   0.0553279
         357    -8.11943    -8.81955   0.0552078
         358    -8.29267    -8.81808   0.0550732
         359    -8.25415    -8.81651   0.0549422
         360    -7.82696    -8.81376   0.0548583
         361    -9.49701    -8.81565    0.054739
         362    -8.62927    -8.81513   0.0545902
         363    -8.73881    -8.81492   0.0544402
         364    -9.24775    -8.81611   0.0543036
         365    -9.08839    -8.81686     0.05416
         366    -9.27992    -8.81812   0.0540268
         367    -9.16249    -8.81906   0.0538877
         368    -9.81753    -8.82178   0.0538095
         369    -9.37826    -8.82328   0.0536849
         370    -8.46638    -8.82232   0.0535484
         371    -8.59964    -8.82172   0.0534075
         372    -8.65776    -8.82128   0.0532657
         373     -9.2518    -8.82243   0.0531354
         374    -8.72501    -8.82217    0.052994
         375    -9.23003    -8.82326   0.0528638
         376    -7.97454      -8.821   0.0527714
         377    -8.20498    -8.81937   0.0526567
         378    -7.62333     -8.8162   0.0526124
         379    -7.61268    -8.81303   0.0525693
         380    -8.75244    -8.81287   0.0524312
         381    -9.40408    -8.81442   0.0523165
         382    -9.59481    -8.81646   0.0522195
         383    -11.1129    -8.82246   0.0524262
         384    -9.16995    -8.82336   0.0522975
         385    -8.32981    -8.82208   0.0521774
         386    -8.39472    -8.82098    0.052054
         387    -8.06869    -8.81903   0.0519557
         388    -8.30586    -8.81771   0.0518387
         389    -8.06313    -8.81577   0.0517417
         390    -8.53174    -8.81504   0.0516141
         391     -7.9439    -8.81281   0.0515302
         392    -8.24015    -8.81135   0.0514194
         393    -8.52847    -8.81063   0.0512936
         394    -9.01028    -8.81114    0.051166
         395    -10.0298    -8.81422   0.0511294
         396    -9.27867     -8.8154   0.0510137
         397     -9.9624    -8.81829   0.0509669
         398    -9.55657    -8.82014   0.0508726
         399    -9.94304    -8.82296   0.0508229
         400    -9.54499    -8.82476   0.0507279
         401     -7.3642    -8.82112    0.050732
         402    -8.33022     -8.8199   0.0506205
         403    -9.06489    -8.82051   0.0504985
         404    -9.47235    -8.82212   0.0503993
         405    -8.85979    -8.82221   0.0502749
         406    -8.05538    -8.82032   0.0501866
         407    -8.21066    -8.81883   0.0500856
         408    -8.72377    -8.81859   0.0499634
         409    -9.14641    -8.81939   0.0498477
         410     -8.0922    -8.81762   0.0497576
         411    -8.53307    -8.81693   0.0496414
         412    -7.58506    -8.81394   0.0496109
         413    -9.57345    -8.81578   0.0495248
         414      -9.825    -8.81821   0.0494651
         415    -8.61494    -8.81772   0.0493484
         416    -7.40812    -8.81434   0.0493459
         417    -7.35292    -8.81083   0.0493519
         418    -7.36833    -8.80738   0.0493543
         419     -8.4715    -8.80658   0.0492431
         420     -8.1737    -8.80507   0.0491489
         421     -8.4709    -8.80428   0.0490385
         422     -8.5782    -8.80374   0.0489253
         423    -8.62541    -8.80332   0.0488114
         424    -7.97039    -8.80136   0.0487358
         425     -8.2961    -8.80017   0.0486356
         426    -8.12804    -8.79859    0.048547
         427    -9.11028    -8.79932   0.0484388
         428    -8.63202    -8.79893   0.0483272
         429    -9.18355    -8.79983   0.0482229
         430    -10.6826     -8.8042   0.0483091
         431    -8.82585    -8.80425   0.0481971
         432     -9.2413    -8.80527   0.0480961
         433    -9.89953    -8.80779   0.0480514
         434    -9.43536    -8.80924   0.0479624
         435    -11.4898     -8.8154   0.0482464
         436    -9.94351    -8.81799   0.0482051
         437    -9.59707    -8.81977   0.0481277
         438    -9.72769    -8.82184   0.0480625
         439    -8.22109    -8.82048   0.0479725
         440    -9.07854    -8.82106    0.047867
         441    -9.94886    -8.82362   0.0478267
         442    -9.18854    -8.82445   0.0477257
         443    -8.18445      -8.823   0.0476398
         444    -8.22622    -8.82166   0.0475514
         445    -8.50508    -8.82095   0.0474499
         446    -8.59397    -8.82044   0.0473462
         447    -7.00901    -8.81638   0.0474134
         448    -7.88467     -8.8143   0.0473532
         449    -8.83224    -8.81434   0.0472477
         450    -9.61836    -8.81613   0.0471765
         451    -10.1608    -8.81911    0.047166
         452    -9.36724    -8.82033   0.0470773
         453    -9.12724      -8.821   0.0469782
         454    -10.3121    -8.82429   0.0469894
         455     -10.428    -8.82781   0.0470182
         456    -9.35149    -8.82896   0.0469291
         457    -8.43961    -8.82811   0.0468341
         458     -8.8912    -8.82825   0.0467321
         459     -9.2291    -8.82912   0.0466384
         460    -10.0702    -8.83182    0.046615
         461    -10.1463    -8.83467    0.046601
         462    -9.42615    -8.83595   0.0465177
         463    -8.61117    -8.83546   0.0464198
         464    -7.31984     -8.8322   0.0464345
         465    -7.69875    -8.82976   0.0463986
         466    -7.98983    -8.82796    0.046334
         467    -8.71326    -8.82771   0.0462355
         468    -8.99351    -8.82807    0.046138
         469    -8.08459    -8.82648   0.0460669
         470    -7.99267    -8.82471    0.046003
         471    -7.83844    -8.82261    0.045953
         472     -9.0409    -8.82307   0.0458579
         473    -8.47442    -8.82234   0.0457669
         474    -9.77437    -8.82435   0.0457144
         475    -10.3319    -8.82752   0.0457282
         476    -8.96637    -8.82781   0.0456331
         477    -8.40344    -8.82692   0.0455461
         478    -7.68789    -8.82454   0.0455131
         479    -7.69169    -8.82217   0.0454795
         480    -7.26792    -8.81894   0.0454998
         481    -7.89488    -8.81702   0.0454458
         482    -8.26651    -8.81587   0.0453658
         483    -8.59648    -8.81542   0.0452742
         484    -9.56223    -8.81696   0.0452069
         485    -8.52432    -8.81636   0.0451178
         486      -8.345    -8.81539   0.0450353
         487    -9.10056    -8.81597   0.0449467
         488    -9.08333    -8.81652   0.0448579
         489    -9.26136    -8.81743   0.0447754
         490      -8.892    -8.81758   0.0446843
         491    -7.60004     -8.8151    0.044662
         492    -7.72248    -8.81288   0.0446264
         493    -8.71246    -8.81268   0.0445364
         494    -8.02927    -8.81109   0.0444744
         495    -9.22988    -8.81194   0.0443926
         496    -8.60758    -8.81153   0.0443051
         497     -8.7395    -8.81138   0.0442161
         498    -9.60231    -8.81297   0.0441559
         499    -10.8529    -8.81706   0.0442562
         500    -10.5328    -8.82049   0.0443005
